0 0 0 0 0 0 0 0 0 0 0 0 0 0 0 0 0 0 0
0 0 0 0 0 0 0 0 0 0 0 0 0 0 0 0 0 0 0
0 0 0 0 0 0 0 0 0 0 0 0 0 0 0 0 0 0 0
0 0 0 0 0 0 0 0 0 0 0 0 0 0 0 0 0 0 0
0 0 0 0 0 0 0 0 0 0 0 0 0 0 0 0 0 0 0
0 0 0 0 0 0 0 0 0 0 0 0 0 0 0 0 0 0 0
0 0 0 0 0 0 0 0 0 0 0 0 0 0 0 0 0 0 0
0 0 0 0 0 0 0 0 0 0 0 0 0 0 0 0 0 0 0
0 0 0 0 0 0 0 0 0 0 0 0 0 0 0 0 0 0 0
0 0 0 0 0 0 0 0 0 0 0 0 0 0 0 0 0 0 0
0 0 0 0 0 0 0 0 0 0 0 0 0 0 0 0 0 0 0
0 0 0 0 0 0 0 0 0 10.4867612080181 0 0 0 0 0 0 0 0 0
0 0 0 0 0 0 0 0 0 12.7080455147033 0 0 0 0 0 0 0 0 0
0 0 0 0 0 0 0 0 0 15.2139012977332 0 0 0 0 0 0 0 0 0
0 0 0 0 0 0 0 0 0 16.8520480183685 0 0 0 0 0 0 0 0 0
0 0 0 0 0 0 0 0 0 18.6954953153009 0 0 0 0 0 0 0 0 0
0 0 0 0 0 0 0 0 0 20.781882015582 0 0 0 0 0 0 0 0 0
0 0 0 0 0 0 0 0 0 23.1473330691724 0 0 0 0 0 0 0 0 0
0 0 0 0 0 0 0 0 0 25.8306627573937 0 0 0 0 10.6613796331269 0 0 0 0
0 0 0 0 0 0 0 0 0 28.8751821855079 0 0 0 0 11.9047956243363 0 0 0 0
0 0 0 10.416265721919 0 0 0 0 0 32.3297903609103 0 0 12.8800940884663 0 13.2604820969684 0 0 0 0
0 0 0 11.809500127155 0 0 0 0 0 36.2498966123397 0 0 14.4682276380205 0 14.779719093058 0 0 0 0
0 0 0 13.3405935369208 0 0 11.0307035370389 0 0 40.6983605340686 0 0 16.2067812723415 0 16.5049954760962 0 10.3299909533311 0 0
0 0 0 15.0670206103444 0 0 12.5333127153105 0 0 45.7465214645543 0 0 18.1414752602382 0 18.4758131083772 0 11.9493439887879 10.8562854450419 0
0 0 12.8586584714867 17.0447916116308 0 0 14.2114424260287 0 0 51.4753535843279 0 12.6855950441968 20.3214918503748 11.6841697271787 20.7329066180393 0 13.7835005716137 12.6023938377379 0
12.6316117018677 13.0510211685851 15.1566092412725 19.3288815820721 0 0 16.1182291816798 10.8529366542562 0 57.9767721621168 0 14.9036164323264 22.7951694572452 13.832793819408 23.3208073494998 0 15.9047518988047 14.6074466764517 0
15.0576499565384 15.4119991795087 17.8680778815239 21.977050893476 0 0 18.3107014103614 13.0380095794403 0 65.3551145407486 0 17.4993100613119 25.6122110311336 16.3584865358045 26.2895552887777 0 18.3931337088243 16.9506450661667 12.7122568436832
17.9531218846032 18.2054312469807 21.1096124052093 25.053084021652 0 0 20.848582475707 15.6568120516907 0 73.7288207021219 0 20.5759128795928 28.8261360693727 19.3683179534613 29.6960663805535 0 21.3349111527139 19.7205254567279 15.2656514616907
21.4500332602973 21.5465270295073 25.0152274443754 28.6293665263343 0 0 23.7967138557073 18.8279962267539 0 83.2323408885398 0 24.2541262367843 32.4962613115729 22.9920635834134 33.6054186438352 0 24.8264794129272 23.015440458882 18.3513301531584
25.7071122265164 25.5718156202503 29.7406666515411 32.7891556057977 11.2398337585202 11.2398337585202 27.2277403994714 22.7076966748104 11.5671152399745 94.0183011992688 12.9332980747281 28.6731845806488 36.6893549340954 27.3810843607641 38.0921938099927 0 28.9788165239803 26.9477519130645 22.1190616422557
30.9132235352256 30.4417719469841 35.4703427695288 37.6288237589471 13.8484559055146 13.8484559055146 31.2246243473757 27.4853316247651 14.1444595098748 106.259962156922 15.716841650131 33.9962422233445 41.4811638512487 32.7141071893763 43.2419526850225 11.9996207247423 33.9219210739626 31.648647209367 26.752020722469
37.2955402592898 36.3471510296943 42.425350903255 43.2602586992601 17.1299896684335 17.1299896684335 35.8830980386417 33.3904786685933 17.361089760222 120.154009931099 19.1588422784697 40.4170829222539 46.9579562500684 39.2050980792642 49.1528973075627 14.7364640845693 39.8094397805198 37.2732325771251 32.4721939445643
45.1299340601169 43.5169261144083 50.8725878902289 49.8135453165631 21.2794452293897 21.2794452293897 41.3142224080659 40.7037939032421 21.3919651038468 135.923725261011 23.4366712777007 48.1677575685602 53.2181732847464 47.1124640199638 55.9377636631274 18.1790707587334 46.8237740901083 44.0061070847171 39.5505622563996
54.7533761117567 52.2276076415969 61.1353779184777 57.4400286056072 26.5551598763819 26.5551598763819 47.6471928392608 49.7707011677088 26.4682631151306 153.822581208804 28.7772143045877 57.5273733699197 60.3742560261385 56.7497915017046 63.7259870632789 22.5244685563566 55.1819302895578 52.0677032751054 48.3201903425451
66.5787874751915 62.8142316697014 73.6060965008349 66.315847824441 33.2886857072016 33.2886857072016 55.0325091355847 61.0180655487264 32.8843391734921 174.138327794409 35.4648910052603 68.8324097014892 68.5547002863776 68.4985873396972 72.6661846222987 28.0316128965911 65.1423592158019 61.7216819525228 59.1922346161701
81.1130080869758 75.6834720025647 88.7613405281953 76.6460340296045 41.9034609982897 41.9034609982897 63.6456142762556 74.974569890977 41.0126214212603 197.19762942074 43.8554409785123 82.4889914668935 77.9063870452716 82.823587975735 82.92900393322 35.0320418931297 77.013034962216 73.2836742226242 72.6754989736365
98.9787011221907 91.3294216813217 107.180266828731 88.6692715195717 52.9406609154724 52.9406609154724 73.6911053673078 92.2957740383481 51.3244512979999 223.371329920962 54.3944126534742 98.9876038583594 88.5972363344803 100.291291022075 94.7103933726155 43.9480558416254 91.1610443722864 87.1316877601964 89.4004581957985
120.941168525221 110.352682731742 129.566827163662 102.663436680519 67.0929316950435 67.0929316950435 85.4076267158156 113.795068189561 64.4171585253483 253.080430191205 67.6407221298572 118.920805176678 100.819235653715 121.592474710616 108.235357204851 55.3174913339169 108.023996995724 103.71853646221 110.148901742661
147.941253105273 133.483520115979 156.776767148686 118.952044489175 85.2477856669788 85.2477856669788 99.0735672018068 140.482003073272 81.0485991856924 286.802874875852 84.2963093049705 143.004592172776 114.791899320794 147.569617693433 123.762267784984 69.8258929534566 128.123616739131 123.586711842549 135.890611694987
181.135755735711 161.609984792583 189.850433527747 137.911753323074 108.543252269402 108.543252269402 115.013701044193 173.609819144393 102.181029251129 325.081257634286 105.243385426542 172.104197685528 130.766222140533 179.250318840373 141.587817765028 88.3477514520046 152.081941493371 147.386190599527 167.828811419158
221.947113713005 195.8120972565 230.052653754138 159.981102948489 138.439228395732 138.439228395732 133.606932288891 214.734424146653 129.03680683637 368.531569348572 131.591221739909 207.265256352597 149.029199250275 217.888050447656 162.052707452323 111.999184909181 180.640636584065 175.895766927207 207.45652670021
272.124481049708 237.403413343014 278.9212213725 185.670689015867 176.808985001697 176.808985001697 155.295328964707 265.787603506857 163.169131380705 417.853130470585 164.734953597782 249.751465506538 169.908993959097 265.011866831333 185.548176565286 142.205193976619 214.68402389363 210.048612673368 256.626508439956
333.818839644373 287.981576662229 338.325849994476 215.575010675548 226.05656039267 226.05656039267 180.594663227089 329.167915864636 206.551909002981 473.839867826599 206.429517418791 301.090101314367 193.780846938698 322.487044388877 212.523505840775 180.785526873144 255.266543628696 250.962906700004 317.637999070005
409.675372387053 349.489807226692 410.539860022578 250.386266765702 289.2673957992 289.2673957992 210.10670953308 407.853557596351 261.693943411266 537.393117906111 258.882641490002 363.127032804446 221.073833408687 392.589062508026 243.494632574844 230.064321594526 303.645503373688 299.978541078074 393.344412854921
502.947070910915 424.291696668305 498.327350923991 290.910421301002 370.401652190344 370.401652190344 244.533594741059 505.542514313363 331.784059932619 609.536163310516 324.871821528118 438.093218626977 252.278590201539 478.093864146757 279.054045579692 293.010129373399 361.320133475464 358.7011113798 487.28697988875
617.634463610417 515.262192966294 605.049206454137 338.085911745892 474.54232106095 474.54232106095 284.694542963746 626.826602528511 420.875559766779 691.430737024209 407.891482843144 528.685085437089 287.956152053533 582.387981396415 319.882149624391 373.414755206722 430.078164014914 429.054637811686 603.860620550122
758.657472889366 625.89828148846 734.79200356847 393.005435011471 608.213674323333 608.213674323333 331.545415167848 777.407601445691 534.120676697254 784.395760948075 512.33813067679 638.161687545473 328.748056454385 709.602900485381 366.760317667078 476.121690232229 512.051372723299 513.344751099219 748.519828433841
932.066792662425 760.45362838664 892.524775609337 456.941317696657 779.79000469472 779.79000469472 386.201510261288 964.365658344614 678.068601105647 889.928621216439 643.743303763494 770.462152987806 375.387899255964 864.779003809422 420.585881624764 607.317898462569 609.781832471456 614.334421319938 928.034216150032
1145.3038773659 924.102376237251 1084.28965051734 531.37506046643 1000.02026420861 1000.02026420861 449.964172326947 1196.49261479543 861.044313685117 1009.7293237863 809.066680178242 930.347653260747 428.714549399323 1054.06560195613 482.389349687053 774.906537148997 726.300920091477 735.334720608105 1150.80570788395
1407.52072531197 1123.13840590074 1317.43368642726 618.031743562327 1282.70146905183 1282.70146905183 524.351839608607 1484.70596111415 1093.63014655478 1145.72792030404 1017.06487346554 1123.57301908277 489.687261039732 1284.96500305074 553.354180978698 988.98306590442 865.223545658906 880.313605405643 1427.26225454707
1729.97321218344 1365.21774624905 1600.89081010844 718.920093532748 1645.5430586918 1645.5430586918 611.136277002436 1842.56292737999 1389.27793307853 1300.11564707137 1278.75546999337 1357.09419462088 559.402955570302 1566.6303171255 634.839497536012 1262.44342847226 1030.86053534942 1054.02629700066 1770.34653745171
2126.50489559149 1659.65347744519 1945.52468917005 836.379142985683 2111.27636006386 2111.27636006386 712.384857692646 2286.89894025773 1765.08716352406 1475.38027990198 1608.00090826201 1639.31901632378 639.115985183318 1910.22882921885 728.406170029518 1611.76094797476 1228.35266635808 1262.17155000855 2196.1225832282
2614.14210519246 2017.77449806307 2364.54571081586 973.132568570583 2709.07866287247 2709.07866287247 830.509904154922 2838.62053849462 2242.79416900107 1674.34627575335 2022.24315533972 1980.41036654501 730.260734370263 2329.38538150293 835.846778525913 2057.97874102051 1463.83052675196 1511.57895062748 2724.52874539827
3213.82592254739 2453.36198963999 2874.01808826204 1132.35197106103 3476.40112179403 3476.40112179403 968.326267493283 3523.69012290863 2850.02956674581 1900.22034933263 2543.42813172894 2392.65264302025 834.477466954492 2840.72338560427 959.220024084382 2627.97744061459 1744.60517753823 1810.43340801217 3380.31237637177
3951.31254697449 2983.18040932388 3493.47658027151 1317.73056949561 4461.31500032499 4461.31500032499 1129.11852101099 4374.34896254568 3621.91672241036 2156.64322066317 3199.16889790947 2890.89477128843 953.641884798263 3464.52496795879 1100.89025255871 3356.09460472559 2079.39555374398 2168.54422660921 4194.19004012506
4858.28079184566 3627.62348778632 4246.67652285294 1533.56902368659 5725.52324412442 5725.52324412442 1316.71937375452 5430.63611424617 4603.10371789371 2447.74836927556 4024.20927727903 3493.08575089895 1089.89893128496 4225.53648795274 1263.57285027401 4286.19337600441 2478.59968583153 2597.66761512639 5204.28770079818
5973.6943722856 4411.50014626463 5162.50599709208 1784.87538166764 7348.22605333286 7348.22605333286 1535.60117800885 6742.27486825115 5850.34639841772 2778.22874386566 5062.26552284158 4220.92206757569 1245.70144925624 5153.95144920359 1450.38638415642 5474.30502517019 2954.61818799501 3111.89324732869 6457.92846294764
7345.47761409403 5364.99064472464 6276.09519046014 2077.48147739699 9431.08262478459 9431.08262478459 1790.98271777996 8371.01566618438 7435.79196178645 3153.41250477088 6368.34368395361 5100.63034313067 1423.85439066467 6286.60987861916 1664.91248858809 6992.00458682211 3522.24008836109 3728.10759904048 8013.85175226931
9032.57670739163 6524.80984107101 7630.16559055876 2418.17848691614 12104.5799080337 12104.5799080337 2088.95383066411 10393.5459677019 9451.15309165931 3579.34902253103 8011.65555829008 6163.91347879046 1627.5653753659 7668.46185652164 1911.26465023427 8930.7229652037 4199.10301862307 4466.54931408571 9944.9680773375
11107.4952282342 7935.62243261237 9276.67087177116 2814.8747971039 15536.2073659239 15536.2073659239 2436.6208419159 12905.104284298 12013.0141714441 4062.90652147977 10079.2878613187 7449.09445218011 1860.50251102817 9354.35338667544 2194.16721320972 11407.2553100284 5006.24209773672 5351.47488273279 12341.7786543715
13659.4130723162 9651.76477410924 11278.7925514511 3276.7798605477 19940.9498732841 19940.9498732841 2842.27628718803 16023.9688152071 15269.5766287421 4611.88294543411 12680.8191951994 9002.49906685702 2126.8605171493 11411.2056155545 2519.04612351197 14570.7975385048 5968.74460824764 6411.95654940544 15316.6203890088
16798.0230666091 11739.3396970589 13713.3671346073 3814.61831497454 25594.7561144204 25594.7561144204 3315.59698123303 19897.0323786632 19409.2337439148 5235.13183615299 15954.1296705908 10880.127583953 2431.43634600589 13920.6740558014 2892.13315743099 18611.9349520065 7116.53086078828 7682.83872170985 19008.9354574675
20658.2504296124 14278.7651491373 16673.838059405 4440.87935023359 32851.8262496201 32851.8262496201 3867.87516772725 24706.7265791929 24671.4711306268 5942.70525777284 20072.7112954635 13149.6756000486 2779.7156647224 16982.3935621951 3320.58563799303 23774.124512113 8485.28557508696 9205.88437374964 23591.8128342981
25406.058270306 17367.8749866643 20273.8459386417 5170.10712641027 42166.8018910945 42166.8018910945 4512.28827651866 30679.6218069062 31360.723689095 6746.01607581874 25254.8668510129 15892.9771509474 3177.97175863039 20717.9381094169 3812.62394140262 30368.3625878651 10117.5687971153 11031.1491953257 29280.1088346778
31245.5890879156 21125.6915627962 24651.5951412435 6019.23900239419 54123.2485495328 54123.2485495328 5264.21373794435 38097.1087324313 39863.9909345045 7658.02221208395 31775.2851497894 19208.9582734538 3633.37864023032 25275.6528568346 4377.68943764334 38791.9219170787 12064.1409680639 13218.6287412334 36340.5278811597
38427.9497744682 25697.0156826811 29975.164617365 7007.9994473811 69470.2149242654 69470.2149242654 6141.59638150259 47308.6651733567 50673.230117203 8693.43585172222 39979.6066303248 23217.2076978073 4154.14040441412 30836.5506881766 5026.62590247073 49552.2867041897 14385.5434362055 15840.2328287669 45104.1367507378
47262.0184090802 31258.011045209 36448.9671898641 8159.35880429418 89169.1594096201 89169.1594096201 7165.3772038872 58748.3342007884 64413.8230679809 9868.96098204452 50302.7518744893 28062.2936385629 4749.63916378494 37621.5077645618 5771.88788954468 63297.727978658 17153.9836655697 18982.1522131847 55981.8998320485
58127.7382171574 38022.9986774581 44321.6057113632 9500.06758416543 114454.183677369 114454.183677369 8359.99375929411 72955.1908866248 81880.764226531 11203.5631002697 63291.9852557147 33918.9826072243 5430.60423321335 45900.0443135924 6627.78007009409 80856.3614335147 20455.5838940751 22747.6954956819 69483.9647928874
71492.4712017291 46252.7235747937 53895.4282198467 11061.2787293004 146909.346859428 146909.346859428 9753.96413811958 90598.7633168458 104084.664191562 12718.7754472463 79635.93713045 40998.5487601274 6209.30561624929 56001.0399523766 7610.73214326456 103286.041061188 24393.0633246092 27260.6897124228 86243.6041900828
87931.1157546697 56264.4125904751 65538.1495846595 12879.2723315349 188567.903923788 188567.903923788 11380.5684996857 112510.607299413 132310.231234374 14439.0467143454 100201.124101541 49556.4016978858 7099.77528458992 68325.8098192163 8739.61460463867 131938.094799982 29088.9374489476 32669.5566271916 107046.937222119
108150.854702394 68444.011768265 79696.9866342526 14996.2996778036 242039.685347921 242039.685347921 13278.6444583028 139723.524615364 168190.615428737 16392.1358408797 126077.904685278 59901.3082724257 8118.06024340231 83364.0617315309 10036.1014465082 168538.742440553 34689.3342279699 39152.1990165562 132869.827303571
133021.599721544 83261.0754504074 96915.850456726 17461.5662741658 310674.5981957 310674.5981957 15493.5153456626 173520.275409818 213801.918174467 18609.5602805101 158638.308313432 72406.5415562857 9282.51194897275 101713.369236162 11525.086766451 215293.101473613 41368.5460853244 46921.8579292066 164923.688184847
163613.443472268 101286.88187093 117856.257185954 20332.3767361182 398772.491645151 398772.491645151 18078.0735514327 215494.083428359 271783.33707733 21127.104980416 199608.805563102 87523.359768542 10614.1173012578 124102.935336717 13235.1632980012 275018.047587426 49334.4596155092 56234.1339003764 204712.349787639
201242.732716736 123216.474514508 143322.761657004 23675.468202881 511852.534664388 511852.534664388 21094.044854081 267623.789431438 345489.899959244 23985.4003075126 251161.880261663 105797.302149863 12136.8771842911 151422.592441417 15199.1720686672 351311.935158094 58835.0322770274 67395.403463035 254102.654437888
247528.747131332 149895.480095338 174293.892341572 27568.5633242072 656998.981863177 656998.981863177 24613.4639841904 332367.199547637 439186.628105209 27230.5783419737 316031.261732609 127887.890579615 13878.2393856046 184758.192472466 17454.8337591833 448771.404082872 70166.0179907013 80772.908284688 315412.09916595
304463.425491981 182352.738443021 211959.777655834 32102.1789824543 843304.989130997 843304.989130997 28720.3967164806 412777.034204339 558295.36690487 30915.0188126225 397656.930875014 154592.448810849 15869.5937073475 225434.79541138 20045.4739100225 573268.336519671 83680.1825109799 96806.8493884704 391517.640516774
374497.14310989 221840.003996971 257767.911217769 37381.7328693226 1082442.28331779 1082442.28331779 33512.9496853994 512644.950158355 709708.570639441 35098.2026000185 500367.593632391 186874.90001418 18146.8382044076 275069.374950378 23020.8559271281 732303.651479424 99798.2958993014 116024.885007662 485990.772502097
460644.236052644 269880.251675726 313478.816830139 43529.9969746263 1389392.37474673 1389392.37474673 39105.6160036739 636680.433419765 902188.203783138 39847.7425422057 629610.303554012 225900.583249147 20751.0267694953 335635.138736843 26438.1379134036 935459.255171405 119022.24485284 139059.509853105 603265.222653238
566612.818616912 328326.452150299 381233.754935798 50689.9551253742 1783385.1217219 1783385.1217219 45632.0127984135 790733.007103722 1146872.84819614 45241.1912104933 792239.417102239 273078.347026914 23729.1097647961 409540.023019434 30362.971736594 1194975.37951955 141950.673758598 166668.888556026 748845.143605269
696964.487404701 399433.085846186 463637.075699562 59028.1311256199 2289103.44643105 2289103.44643105 53248.0761575766 982068.243200961 1457922.36921697 51375.2996772309 996880.213904577 330111.441156391 27134.7812632001 499722.485740094 34870.7654930715 1526488.09675278 169297.64221473 199761.829916742 929563.580283287
857310.793323946 485943.156944439 563856.387555703 68738.4650103202 2938229.67556147 2938229.67556147 62135.789925338 1219710.60750424 1853337.45653357 58459.9420671043 1254386.47640178 399059.046087349 31029.4518337621 609768.410733565 40048.1337977565 1949971.44971163 201914.88084928 239427.725097782 1153903.35499062
1054554.94740898 591194.067252207 685744.395723096 80046.8276953036 3771430.38113679 3771430.38113679 72507.5375601558 1514869.32243528 2356001.47882024 66639.5648103915 1578416.30960914 482410.66347749 35483.4440380826 744053.77611683 45994.5654525306 2490940.96711609 240818.339507009 286972.436550135 1432395.44554204
1297189.17584839 719246.43819213 833987.099228912 93216.2791779593 4840904.06835511 4840904.06835511 84611.1811799528 1881467.35231708 2995004.96053918 75982.5214315531 1986156.75664955 583176.056619051 40579.5291812788 907918.765642492 52824.3621577604 3181991.08348458 287219.855770171 343961.320650735 1778113.57289016
1595660.53806183 875040.855456605 1014284.04950741 108553.192766022 6213651.31859258 6213651.31859258 98735.9893217593 2336798.48486383 3807329.35008933 86660.800048643 2499235.66240388 704993.991475002 46482.0802758898 1107880.25359891 60669.2014712652 4064759.10380306 342564.931507206 412270.802228564 2207288.23561074
1962820.97248649 1064588.58932785 1233567.60771361 126414.387988577 7975672.25629623 7975672.25629623 115219.555255021 2902343.53129843 4839987.54785427 98876.4425453243 3144869.17521594 852263.708721199 53355.5338987777 1351891.12161847 69686.590048501 5192434.05588047 408577.79568882 494150.2011232 2740069.04164465
2414480.96513859 1295203.65594276 1500269.63902755 147215.438344446 10237354.3037231 10237354.3037231 134455.871394857 3604784.18125077 6152745.10485416 121337.123311735 3957305.78258585 1030303.87894539 61293.4859983589 1649656.73034801 80168.5964407475 6632961.60745852 487315.159020284 592295.848953402 3401471.15668146
2970090.70252866 1575785.1815827 1824645.9082218 171440.347417064 13140387.756956 13140387.756956 156904.753031393 4477262.38234787 7821579.61855549 155861.188799263 4979643.51503558 1245544.78673272 73108.6597160695 2013021.14460193 97584.5908095711 8473138.16918496 581230.337105728 709939.939523979 4222550.3411003
3653578.06570824 1917160.97508642 2219170.66193296 199652.818780242 16866642.4319931 16866642.4319931 183102.836886432 5560944.70906374 9943078.58820206 200185.568780912 6266116.75827154 1505760.6907004 93936.8290479346 2456438.48799331 125478.246686841 10823840.8861058 693249.742347695 850957.042133894 5241861.79019293
4494379.58304574 2332505.57779086 2699016.58494248 232509.382414308 21649561.4873681 21649561.4873681 213676.417702572 6906965.58865057 12640030.3221161 257094.248689903 7884974.03878471 1820350.7590752 120675.826300942 2997548.19273859 161280.703708623 13826708.6682834 826864.130688817 1019991.78949278 6507271.33048917
5528708.77728136 2837848.93735157 3282638.60437311 270774.68584341 27788786.2265469 27788786.2265469 249356.430069876 8578841.14420422 16068531.5594129 330161.907450277 9922099.51526993 2200678.73666626 155004.810558453 3657877.04736779 207239.073322849 17662676.850292 986237.449666718 1222611.95021951 8078204.08541078
6801116.57615653 3452695.35254112 3992484.01360186 315339.343413992 35668928.0986873 35668928.0986873 290995.934136996 10655467.6413436 20427023.2775736 423978.493419108 12485570.3828762 2660483.62258563 199079.856178735 4463695.99422238 266238.749005232 22562879.7689375 1176336.68344618 1465491.93301894 10028436.2847212
8366411.0467285 4200776.59593876 4855856.2508291 367241.403635679 45783663.9312361 45783663.9312361 339590.525568209 13234846.1355919 25967777.7894522 544437.587023943 15711392.0749119 3216376.20560844 255669.403374548 5447065.79100147 341984.650051486 28822578.239854 1403086.7456557 1756632.7732268 12449561.4209468
10292019.2042933 5110968.30490499 5905965.58290106 427704.596491942 58766663.9192279 58766663.9192279 396302.19913026 16438709.2167061 33011502.1521095 699106.666532256 19770715.6645063 3888439.40850094 328328.182817384 6647113.17168321 439233.962244485 36818951.1955856 1673555.25243811 2105625.85558421 15455293.6523144
12660892.7056402 6218405.03867672 7183207.14096954 498474.912079054 75431289.9567289 75431289.9567289 462488.278368906 20418268.3542985 41965903.3326101 897702.53914912 24878920.5458691 4700954.1462553 421620.540865031 8111588.32148838 564094.99420583 47033823.605173 1996172.94052213 2523969.0695464 19186810.7059689
15575082.6850175 7565837.074552 8736715.50800871 595874.878245277 96821551.3429023 96821551.3429023 539767.850476603 25361353.279094 53349289.9493772 1152701.80683791 31307044.4881468 5683276.94171453 541407.195822016 9898765.68381448 724410.923497247 60082700.2608274 2380996.60743821 3025445.82272871 23819387.3975668
19160137.8408938 9205281.35554332 10626255.7062031 766046.479841776 124277510.150616 124277510.150616 631223.432399797 31501280.5867529 67820577.01311 1480124.72001604 39396167.7611176 6870901.02970013 695213.440866164 12079763.7905306 930252.540613179 76751855.0172257 2840022.77795675 3626579.4113015 29570631.5511343
23570515.376483 11200030.3664711 12924523.3848473 984481.080113415 159519233.792425 159519233.792425 797453.538031053 39127870.4328918 86217430.8134232 1900541.66560442 49575514.8466279 8306739.31595025 892701.926315745 14741376.4953705 1194550.94736577 98045710.5034471 3387561.8838427 4347177.73165967 36710709.4287888
28996238.0678026 13627096.5444169 15719942.765505 1264890.81423234 204754554.269379 204754554.269379 1024903.61437701 48601131.6579905 109604762.402369 2440365.52319659 62385234.5983937 10042675.579931 1146279.72426996 17989528.3582024 1533909.95922309 125247363.450712 4040684.63251105 5210986.29751776 45575041.3052704
35671084.4631108 16580186.6571724 19120070.0675805 1624882.55724633 262817385.036644 262817385.036644 1316884.64786512 60368261.7335234 139336377.304301 3133511.0831324 78505068.073429 12141440.0110807 1471877.81512967 21953491.7870821 1969649.25143458 159995902.961981 4819754.49308629 6246471.09903037 56580063.9447614
43882665.3241569 20173321.060126 23255733.452356 2087063.94467547 337345260.803253 337345260.803253 1691729.48475559 74984764.5117911 177133350.828358 4023525.78137416 98790425.8173739 14678876.8971661 1889951.96813187 26791033.8855564 2529143.7856311 204385181.032517 5749062.91604403 7487757.12347953 70242800.9173387
53984820.7538305 24545237.6592611 28286068.8849061 2680463.6097947 433007222.834215 433007222.834215 2172977.98634282 93140683.2904748 225183666.784258 5166325.617132 124317789.738591 17746686.4654262 2426767.89738619 32694697.9833976 3247543.6678265 261089987.400319 6857587.10894909 8975753.49181835 87205160.7092044
66412872.5243599 29864750.7285866 34404645.8134926 3442354.85218693 555796326.38449 555796326.38449 2790855.82447046 115693188.360579 286268888.581475 6633708.14052219 156441849.737383 21455740.02505 3116051.43485796 39899470.0250964 4169982.48984794 333527232.270489 8179894.01589612 10759502.3213369 108264104.852405
81702389.2411826 36337271.6261814 41846918.5338938 4420597.30384733 713405095.36262 713405095.36262 3584173.34854891 143707058.41198 363925196.919327 8517863.21790227 196867408.251371 25940088.2935686 4001107.39437498 48692135.1526485 5354412.89580767 426061850.143653 9757218.71152395 12897795.8050419 134409104.278098
100512273.460247 44212743.350082 50899290.1581235 5676643.7060046 915707445.826781 915707445.826781 4602763.81355138 178504968.109834 462648118.188414 10937164.9691092 247739869.915212 31361807.8599471 5137540.24681446 59422697.1451441 6875247.5214133 544269833.026363 11638750.8643746 15461114.846541 166868644.760312
123653166.254495 53795295.5086851 61910138.2095694 7289400.69796141 1175377270.01016 1175377270.01016 5910614.14808764 221729957.450487 588152797.533081 14043608.7619903 311759120.243115 37916861.050447 6596747.53613851 72518315.5497918 8828034.05244192 695274244.129441 13883169.4188615 18533953.1972636 207167967.778384
152122394.037464 65454992.7617333 75303226.4118358 9360186.17463502 1508682434.12575 1508682434.12575 7589884.95335974 275423034.050125 747704886.767367 18032360.5023179 392322839.018957 45842181.1162408 8470405.51431954 88500315.6311965 11335458.1184899 888174461.253218 16560473.3929636 22217603.7607659 257200761.393866
187146964.589311 79642130.6868144 91594019.1364783 12019094.6633704 1936503932.57978 1936503932.57978 9746072.29200748 342119574.511049 950541206.241187 23154018.164669 493706856.858838 55424238.9802461 10876228.8105405 108004948.673927 14555051.1609615 1134594517.47205 19754165.9318683 26633498.9763404 319318171.654379
230236466.362633 96904631.4694355 111409526.76526 15433170.6315086 2485644046.89394 2485644046.89394 12514635.5609088 424969079.237179 1208404538.10386 29730355.9096486 621292130.178381 67009401.3679332 13965365.9927881 131808729.574822 18689087.5313166 1449383584.06512 23563859.7847362 31927215.4743139 396439319.449446
283248152.245718 117909211.60709 135512446.211797 19816903.2218764 3190505463.29431 3190505463.29431 16069507.8509472 527883938.507509 1536223517.24295 38174539.9304998 781850384.988966 81016454.9415553 17931895.6568601 160859361.008946 23997292.6166207 1851510809.44925 28108385.5268909 38273275.1115254 492188518.952396
348467014.452243 143467139.589528 164830526.273983 25445701.760035 4095246542.85821 4095246542.85821 20634023.4665601 655724238.410414 1952976988.20592 49017086.1139075 983903595 97951749.403409 23025019.6459642 196313476.012196 30813160.3956037 2365208440.72613 33529499.5445118 45880900.7707477 611065649.345182
428704303.756553 174565578.903136 200492288.724913 32673198.6478049 5256547768.25767 5256547768.25767 26494949.1390424 814527338.175406 2482792878.2071 62939190.3361716 1238176379.83462 118427507.265703 29564719.4545506 239582702.462378 39564905.5952427 3021432117.25978 39996307.5359803 55000916.8093538 758657690.489004
527418741.792486 212405727.563397 243870480.848312 41953466.7178002 6747162680.30438 6747162680.30438 34020500.460994 1011793065.99296 3156345216.47851 80815525.4105865 1558165342.95506 143183962.529606 37961859.4487278 292389884.482864 50802366.7922213 3859726340.21602 47710541.888145 65934021.8099379 941901368.89352
648865653.896967 258449228.049578 296634932.915162 53869546.8806751 8660475764.42949 8660475764.42949 43683475.4456932 1256838008.57007 4012630195.1888 103769193.455587 1960855578.14348 173116129.018098 48743999.9121969 356837700.449711 65231550.6788741 4930607540.20768 56912863.5210447 79040706.5652393 1169409263.79073
798280454.229073 314474641.153246 360816856.353183 69170078.3485322 11116352830.88 11116352830.88 56090958.6047505 1561235634.64016 5101224116.78267 133242286.132106 2467622387.83289 209306166.577223 62588541.6532777 435492411.178921 83758987.7785491 6298608358.72495 67890521.383454 94753144.515954 1451874707.37802
982104396.580922 382646166.212686 438887059.03588 88816332.7720482 14268650404.8443 14268650404.8443 72022461.7381404 1939363048.74169 6485153978.04474 171086485.781719 3105366091.21636 253062515.857187 80365284.5227256 531486074.686303 107548686.311411 8046166607.86013 80990215.7791188 113589446.944468 1802574518.71909
1208262327.33724 465597263.52399 533851090.189784 114042607.267252 18314854576.6796 18314854576.6796 92478897.6773164 2409080210.50355 8244546918.56016 219679399.590755 3907940177.15757 305967217.234748 103191073.632276 648641299.669511 138095262.405614 10278593278.572 96741421.1803617 136170753.258961 2237993211.66475
1486504420.08213 566532410.693265 649364979.539835 146433770.596184 23508453169.128 23508453169.128 118745463.815416 2992573714.5876 10481269865.154 282073935.613819 4917948633.78237 369933125.500328 132499966.488155 791623507.879895 177317841.147094 13130418998.3845 121278229.38665 163241720.269982 2778598029.88015
1828826631.16019 689350925.588061 789876028.607139 188024834.433143 30174816315.4814 30174816315.4814 152472386.157644 3717405003.21173 13324828046.497 362190105.384608 6189007890.49071 447273089.918913 170133329.373893 966126771.616737 227680627.914077 16773501414.2811 155832234.286123 195695086.848965 3449801255.3466
2249988011.13736 838797641.454216 960794077.1035 241428805.400685 38731580337.6339 38731580337.6339 195778596.733546 4617812544.38393 16939863954.344 465061303.34315 7788593480.10536 540783602.135577 218455523.395795 1179100630.36707 292347725.035033 21427382102.4615 200192343.384315 234601132.424405 4283155044.18688
2768147185.06735 1020646257.65816 1168699841.31295 310000850.332816 49714811935.3585 49714811935.3585 251384858.028869 5736329511.26762 21535691011.9624 597150535.879974 9801622579.25383 653845937.795947 280502448.305652 1439026923.443 375381920.312359 27372517179.6806 257144282.081814 281243208.247223 5317834979.62688
3405645455.00236 1241922452.51725 1421598349.44135 398049088.644906 63812591822.0317 63812591822.0317 322784698.139069 7125793408.78205 27378414044.0761 766756467.466285 12334962662.9151 790548450.62704 360172276.544575 1756257668.40638 481999936.539261 34967178981.973 330264980.211885 337166688.891814 6602482110.75931
4189970303.06819 1511175381.61756 1729227236.17264 511105255.093792 81908121753.1423 81908121753.1423 414463895.850444 8851842617.41216 34806338450.5435 984534794.205442 15523105689.7568 955834442.973489 462470360.603094 2143427447.54045 618900178.366984 44669047423.8152 424147284.828289 404452322.75802 8197490106.25175
5154940855.53504 1838808055.30651 2103431772.02864 656272237.640622 105135055510.801 105135055510.801 532182305.062404 10996017836.853 44249560444.3842 1264167700.72463 19535309130.4366 1155680962.09769 593823700.296237 2615956733.57101 794683567.612519 57062792288.7005 544688501.531446 496340520.404554 10177845087.3503
6342166443.40808 2237479364.9906 2558621074.01447 842670324.899548 134948520205.343 134948520205.343 683335724.508192 13659615001.3293 56254872854.4182 1623223459.8391 24584583048.7567 1397314990.41044 762484726.73743 3192666209.57665 1020393906.48988 72895308765.2491 699460891.584525 637755435.451222 12636651699.2674
7802841176.25486 2722593297.45474 3112323071.49861 1082010199.2036 173216277207.1 173216277207.1 877420547.673396 16968471755.6169 71517428837.812 2084260180.36925 30939000482.7013 1689474850.68663 979049771.22383 3896526560.98006 1310211717.73329 93120729792.6864 898187401.304833 819303027.297749 15689511257.127
9599951941.58262 3312894246.72236 3785859605.82766 1389328674.26442 222335733703.227 222335733703.227 1126630385.10077 21078913704.8611 90920997227.9651 2676243047.39136 38935931755.8848 2042726283.19085 1257124792.46283 4755573615.95241 1682345152.95039 118957928015.45 1153352511.71435 1052384150.80588 19479957880.4278
11810995077.5066 4031191434.29329 4605167670.40186 1783933401.02715 285384135321.086 285384135321.086 1446622142.59336 26185141468.0269 115589140826.506 3436364094.74098 48999958633.0088 2469844629.68541 1614180187.25148 5804025299.64508 2160173941.59171 151963972882.432 1480986585.61995 1351637749.11998 24186208293.8359
14531318911.2471 4905240439.49228 5601798428.16965 2290615893.99888 366311348915.075 366311348915.075 1857499685.09824 32528407665.5099 146950281554.132 4412378839.16004 61665419663.1197 2986276951.09252 2072648389.11528 7083644909.99792 2773718250.50279 194127970029.864 1901672989.53716 1735860514.53602 30029542763.0474
17878236357.0154 5968815915.09151 6814132492.67926 2941209087.8854 470187312683.886 470187312683.886 2385076886.13421 40408417575.3678 186820420643.66 5665606577.93103 77604784011.7974 3610700797.68399 2661333212.85772 8645405038.99292 3561524736.92263 247990938514.921 2441841264.00619 2229187774.19876 37284711359.3437
21996084989.1222 7263016954.14817 8288858290.86502 3776587279.90033 603519655390.547 603519655390.547 3062499415.35937 50197492299.2757 237508304572.929 7274782847.29704 97664360631.7085 4365699847.7343 3417219488.78277 10551518444.3632 4573088288.47091 316798950758.526 3135427587.2075 2862609788.3746 46292855014.7374
27062452883.1568 8837855567.87007 10082770461.6996 4849234106.52172 774661382097.459 774661382097.459 3932327155.02796 62358163857.4391 301949127419.273 9341006076.98978 122909239201.811 5278580859.30814 4387796679.03141 12877916800.4561 5871961598.84412 404698764794.029 4026006852.44288 3675918722.7988 57477549123.1451
33295838813.6215 10754189679.0192 12264957575.2798 6226539890.91675 994334165808.074 994334165808.074 5049208075.64883 77465033854.2971 383874513066.824 11994089220.3711 154679849571.619 6382361498.14157 5634042460.01636 15717276106.0495 7539747942.04457 516987739432.143 5169530309.76677 4720208614.83046 71364724326.9785
40965077280.6833 13086075354.0464 14919463456.9624 7995035520.84254 1276300026068.31 1276300026068.31 6483311560.29181 96231928892.9622 488028621941.924 15400715408.972 194663143521.334 7716964959.93104 7234253718.10115 19182709312.8509 9681227995.97335 660433094598.633 6637840767.35449 6061085396.02453 88607401513.2036
50400934982.0132 15923629204.7701 18148524648.8419 10265828855.4817 1638223470414.53 1638223470414.53 8324736880.26049 119545636293.678 620442898397.144 19774910020.2108 244982179268.125 9330671422.47389 9288965645.4231 23412273329.5231 12430942814.2308 843679758568.545 8523186199.32338 7782788644.11296 110016404508.821
62010379033.6191 19376511613.6293 22076508739.3153 13181585209.9943 2102778104568.32 2102778104568.32 10689173789.9048 148507814726.988 788785371245.935 25391487078.5081 308308866564.969 11282188477.944 11927267983.9572 28574470012.2557 15961646529.2252 1077771383014.75 10944015332.8102 9993484018.03297 136598495167.447
76294132518.8459 23578165437.9456 26854705296.1285 16925490475.1038 2699067029392.76 2699067029392.76 13725170874.2337 184487060811.419 1002804737993.51 32603314776.0815 388005860369.19 13659157451.3398 15314915243.4324 34874960367.8154 20495159837.8046 1376815927515.38 14052419328.9958 12832058879.3071 169603724706.044
93868274781.5879 28690974056.2357 32667153989.7625 21732759990.4571 3464445995365.5 3464445995365.5 17623468291.9871 229183592818.106 1274894953127.78 41863484840.4787 488305139245.079 16553797634.2517 19664740427.2703 42564759547.6879 26316306152.6675 1758835928526.84 18043687090.5993 16476848042.6326 210584228711.637
115490818398.714 34912538162.7651 39737734458.2409 27905416230.537 4446863508705.15 4446863508705.15 22628981254.9474 284709609068.51 1620813020413.54 53753778565.9612 614532753146.185 20061969279.7858 25250026521.3737 51950239229.7 33790805974.9845 2246854699005.06 23168574519.4811 21156837861.2669 261467231590.389
142094409498.64 42483313969.5129 48338791081.485 35831263728.9731 5707864455611.24 5707864455611.24 29056187119.9557 353689119605.231 2060591562755.51 69021217921.3138 773391677499.408 24314373776.2496 32421675825.5895 63405336018.8583 43388253723.6608 2870283924754.8 29749058555.1728 27166052557.184 324645694705.01
174826562304.128 51695908109.9834 58801624976.7156 46008253363.6369 7326445357394.07 7326445357394.07 37308882806.1492 439381970293.041 2619699024854.4 88624998101.28 973317796848.364 30560922303.9826 41630255811.6947 77386452423.4291 55711620568.1039 3666696289282.13 38198565760.6901 34882026634.3464 403090872492.454
215099163869.231 62906388592.0602 71529257475.3117 59075766717.9623 9404002687587.29 9404002687587.29 47905553820.8628 545837922192.187 3330514707057.45 113796750115.475 1224927925654.03 39247654147.3412 53454306565.3831 94450644280.2944 71535136815.3616 4684089965319.92 49047946340.7924 44789523926.5267 500492071526.337
264649384981.793 76548049094.1099 87011956868.8885 75854785996.0275 12070684105128.3 12070684105128.3 61511948733.6818 678088069911.98 4234204064322.65 146117919484.224 1541583662534.18 50401142636.2698 68636688261.2579 115277819493.187 91852933858.0521 5983781457012.88 62978825441.5377 57510993457.2364 621430187281.487
325614625375.59 93148158753.9806 105846126696.796 97399473214.5046 15493540259822.2 15493540259822.2 78982905629.0625 842382647878.966 5383102888367.47 187619122450.732 1940101026941 64722045370.2663 88131252244.5541 140697832830.07 117941501671.823 7644101148829.42 80866427066.5299 73845675537.6324 771593182487.464
400624726979.533 113348345038.759 128757283543.223 125063399196.096 19886987488967.1 19886987488967.1 101416058334.585 1046486466502.2 6843748466808.59 240907721882.815 2441643570870.56 83110022224.9883 113162767886.295 171723556674.945 151439885829.551 9765114298269.39 103834561073.769 94819814989.858 958043644195.408
492915434059.236 137929398034.769 156628014784.087 160584583280.428 25526236274703.4 25526236274703.4 130220796583.066 1300045944779.07 8700733287822.61 309331637973.272 3072846404021.37 106720257089.195 145303870188.455 209591245823.922 194452662505.921 12474652015396.9 133326227877.14 121751136201.764 1189551006873.71
606467995934.782 167841468916.166 190532164245.001 206194686474.267 32764525777531.7 32764525777531.7 167206812613.448 1615045090781.12 11061604503333.8 397189685342.703 3867230836595.73 137036033256.308 186573862464.74 255809805150.708 249682161000.58 15936015728287.7 171194276677.62 156331630735.625 1477004071281.3
746180936054.131 204241629286.98 231783157997.391 264759218231.721 42055242642933.4 42055242642933.4 214697797256.905 2006371986737.62 14063092937838.6 510001651225.584 4866984781257.52 175961922097.106 239565581493.953 312220923832.352 320598240818.535 20357819498346.9 219817812936.331 200733858721.657 1833923226699.74
918081399248.461 248597880276.693 282276657531.658 339957565523.618 53980307374834.9 53980307374834.9 275677428601.18 2492522559932.42 17879032442563.4 654855082725.691 6125203484706.63 225943439696.879 307608295601.397 381072472968.619 411656289756.55 26006563402063.1 282251668528.596 257747442548.857 2277096475098.08
1129585196897.15 302920091825.125 344094789732.115 436514154738.32 69286602799528.4 69286602799528.4 353976825146.138 3096474911380.22 22730428306831.9 840850570466.246 7708709612041.35 290120689023.768 394976869935.735 465108092114.534 528577138986.869 33222695801409.1 362418325220.74 330954328233.046 2827369180689.76
1389816771193.65 369380903921.578 419471612103.318 560495269437.75 88932720704471.2 88932720704471.2 454515240419.939 3846775538160.72 28898257922046.3 1079673504114.33 9701602482586.35 372525640377.995 507160340000.76 567676535552.858 678706481139.232 42441132602841.2 465354349292.336 424953825467.766 3510624701206.99
1710002885423.12 450421694662.273 511367916751.618 719690171900.247 114148945553113 114148945553113 583609120983.868 4778888803659.37 36739745159522.4 1386328221006.39 12209724989103.9 478335444499.861 651206766896.451 692865136829.604 871476372253.404 54217470224243.6 597526819854.686 545651564769.217 4359002038410.16
2103957028731.2 549254381209.541 642151162193.223 924100472868.435 146514217729035 146514217729035 749368944765.751 5936873456511.97 46709051139341.4 1780080671642.96 15366285480985.8 614197693033.962 836166040213.541 845662713002.093 1118997812016.06 69261472131500.6 767239630854.267 700630525794.492 5412407797483.94
2588675438592.59 699551170006.118 824664842782.139 1186568494743.66 188054873381792 188054873381792 962208771566.399 7375465462315.05 59383579888923.1 2285668826143.39 19338933245943.5 788648061226.513 1073658448204.75 1032158461175.56 1436821631846.39 88479847135377.7 985155193172.008 899627447132.333 6720393592825.82
3185070461030.21 898363411230.334 1059007555673.24 1523584105898.54 241371307687941 241371307687941 1235500518860.95 9162665623339.93 75497422635181.4 2934856866898.17 24338663443357.7 1012646571757.54 1378604736335.82 1259787334598.16 1844915494537.27 113030897537390 1264964313378.65 1155144548583.07 8344487232939.25
3918872895481.22 1153634428662.13 1359900759498.47 1956320716441.35 309800434544313 309800434544313 1586414068557.33 11382954329001 95983877980807.5 3768430811437.02 30631024528165.2 1300266171125.1 1770163521020.66 1537761353303.51 2368918386626.58 144394330353114 1624246335082.71 1483234998113.87 10361087368859.7
4821742263852.96 1481400593199.82 1746247135836.63 2511965523109.06 397624021372466 397624021372466 2036995985426.84 14141285432294.1 122029510930133 4838760942913.55 38550223520113.6 1669576879217.68 2272934952683.35 1879120985084.45 3041751418487.09 184460438179258 2085573582283.21 1904511471393.08 12865057803525.3
5932632916506.6 1902252971126.8 2242318163834.99 3225427577520.41 510335792769630 510335792769630 2615554618986.46 17568048087024.9 155142882090530 6213092035976.12 48516878417712.1 2143781059831.18 2918506249722.69 2298132365974.57 3905686132583 235644022563339 2677929492705.81 2445441167866.48 15974190581404.4
7299474928933.68 2442630974430.86 2879278996943.46 4141530989226.38 654983784321029 654983784321029 3358438609520.5 21825231149439.8 197241928060309 7977768090412.72 61060360807950.5 2752671136861.86 3747436203405.27 2810538674301.61 5015000263840.97 301029921694727 3438529537050.73 3140008644314.07 19834747857754.5
8981242328281.85 3136483441288.68 3697146443801.75 5317831054170.76 840608991471868 840608991471868 4312320535016.02 27114081610182.5 250765054156179 10243656996529.5 76846915575488.4 3534501338942.75 4811803332587.47 3437234385980.66 6439387803467.06 384558904446918 4415159325588.64 4031850935400.64 24628343308888
11050497904999.8 4027401505949.98 4747303065654.64 6828230235210.38 1078807149538053 1078807149538053 5537129171870.77 33684619167247.4 318812373599549 13153115943374.3 96715051524023.8 4538391067125.4 6178477779144.38 4349106710411.96 8268337607560.24 491265116483564 5669176796456.83 5176999102730.2 30580486877568.7
13596524433186.5 5171357258028.74 6095725341389.77 8767621173009.23 1384447807012700 1384447807012700 7109814592170.41 41847456818511 405325272134023 16888935179932.6 121720082993540 5827410880063.93 7933322504861.08 5585111766782.46 10616755641861.9 627579352771068 7279367101737.16 6647398453512.99 37971194917464.1
16729177431510 6640220250680.02 7827128713468.56 11257848430036.5 1776594084083979 1776594084083979 9129182644288.92 51988486393972.3 515314693774058 21685822031824.3 153190188712035 7482544977422.46 10186587735021.7 7172118136077.84 13632184086913.1 801716361385898 9346892379158.47 8535428590806.04 47148164990810.3
20583625737145.5 8526272786447.55 10050289932177.5 14455363521387.8 2279678072677881 2279678072677881 11722102548855.9 64587123419571.1 655151357877489 27845146670628.6 192796965987082 9607779129279.35 13079837561086.8 9209823150010.04 17504070852562 1024169374497222 12001647384769.4 10959707272906.7 58543135257916
25326184482173 10948007658984.9 12904881080817.4 18561054168925.1 2925001215851248 2925001215851248 15051477609755 80238974012858.2 832934687182267 35753876056484.3 242644228424917 12336633706796.5 16794843874581.6 11826240451552.5 22475671870192 1308341377886832 15410420286829.1 14072542716329 72692198255366.1
31161492209113.7 14057572600689.9 16570244637622.9 23832865313420 3752646703135180 3752646703135180 19326479809635.4 99683995615250 1058961744018446 45908885601628.1 305379764560095 15840552259643.5 21565006404264.5 15185742554568.1 28859333938459.6 1671350577225572 19787371332583.8 18069502542237.3 90261024944268.9
38341341874778.5 18050329142573.7 21276660878173.2 30602004814928.9 4813912372982907 4813912372982907 24815691290677.5 123841483154866 1346323167569058 58948175964298.6 384335994517031 20339672662616.1 27690016334108.7 19499387698352.1 37056118285660.6 2135057428256168 25407487722740.6 23201700546879.1 112076185978089
47175546873348.9 23177126433174.7 27319815506339.9 39293751983971.1 6174398033588464 6174398033588464 31863978349909.4 153853534993752 1711660234541500 75690956205530.7 483706996672878 26116657541659.2 35554684761493.5 25038179793240.8 47580997722574.9 2727372767347338 32623860012269.7 29791573227108.9 139164044066001
58045311041673.5 29760061133891.7 35079376460017.5 50454176264444.7 7917910143420777 7917910143420777 40914158078074.1 191139054007299 2176125967804205 97189111581215.2 608771306900052 33534452892399.6 45653118916077.2 32150094528637.1 61095210427146.8 3483921137193226 41889865448144.2 38253137240147.7 172799047595673
71419679683313 38212713525045.9 45042847001723.1 64784444701591.5 10151377844027956 10151377844027956 52534818874629.6 237460837334359 2766603792327694 124793289494811 766172318515390 43059090597706.6 58619765039310.2 41281941328630.2 78447803026337.9 4450149997083414 53787651938824.3 49118000496792.6 214563698096205
87875781627765.3 49066131180294.1 57836193693078.2 83184873602842.5 13011003258306600 13011003258306600 67456042696113.2 295008927274438 3517249228211924 160237755536362 964271147466919 55288967439799.8 75269268230736.2 53007434658424.6 100728972969078 5683992618841260 69064712195043.7 63068761066212.8 266423013484627
108123735967550 63002192664892.9 74263173492397.9 106811491989944 16669886347705028 16669886347705028 86615273330982.6 366504164691945 4471431906689560 205749350757203 1213590586061275 70992440095970.6 96647653503737.5 68063238294778.5 129338561488416 7259205915847283 88680845856169.3 80981892218596.9 330816991167531
133037298451275 80896447372171.4 95355830747458 137148670508297 21347350156022280 21347350156022280 111216212430288 455326840937242 5684161962385794 264187395249058 1527373256330151 91156098068624.4 124098043561739 87395247084736.3 166074000298693 9269504090318040 113868460054008 103982807909895 410775421786352
163691570246070 103873122962317 122439336617506 176102378777554 27320102413670652 27320102413670652 142804443506965 565676525745185 7225073632238204 339223324866461 1922281775137730 117046747354364 159345042088577 112218013899454 213243237290668 11833571252285986 146209996867920 133516568263454 510060453268499
201409396611350 133375756311739 157215244536545 226119929934697 34935108740215920 34935108740215920 183364535047653 702770580823239 9181976149140188 435571321619975 2419270935026101 150290999049430 204603083943737 144091055352166 273809734601426 15100906457870848 187737352110822 171438667195511 633343586237273
247818458104504 171257885443480 201868392258997 290343730969990 44623401175749000 44623401175749000 235444722751242 873090367243363 11664780787691986 559284195207613 3044649879883382 192977463100463 262715557635385 185016830259236 351578630297611 19258102703377736 241059530767532 220131605752647 786425194059825
304921518397805 219899500059429 259204163895655 372808618795533 56912455897124744 56912455897124744 302316989303980 1084683747133879 14809039482429846 718130979625964 3831277725487646 247787966083585 337333402562139 237566545624443 451435501027851 24534257038776092 309526540713021 282654567349886 976504856309945
375182857412944 282356554877815 332824638606070 478693769589254 72430711303526960 72430711303526960 388182232029162 1347513217319122 18776705697836772 922060501291034 4819498630853681 318165976917024 433143622564102 305041657776742 579649102249032 31201822557594132 397439385452339 362935383191864 1212497127146648
461634419770055 362552255448914 427351381050134 614619989263504 91886115144088128 91886115144088128 498424369996247 1673655443368449 23746765090148768 1183600857621492 6055948465958538 408530515965904 556146104055487 391679636685811 744206187374645 39562242526419888 510309050107553 466010805584603 1505242418060272
567991482310806 465482767014599 548594698658612 788558664853382 115957968197649312 115957968197649312 639703653509897 2075473769741071 29869865456710916 1516509279184847 7581296136982548 524459607446239 713663408256050 502847731371820 954466441084191 49880234764552680 654934066034072 598158529242456 1866023990988134
695993737586698 592872446290347 695672315283951 992381166075801 144755440848262752 144755440848262752 808341311177787 2534125937975818 37034711843129704 1906038976313556 9340731902556946 665822107024187 899788561840953 639091766064458 1200725217908569 62058965167519536 827173879176568 756967531861856 2277711055348910
