0 0 0 0 0 0 0 0 0 0 0 0 0 0 0 0 0 0 0
0 0 0 0 0 0 0 0 0 0 0 0 0 0 0 0 0 0 0
0 0 0 0 0 0 0 0 0 0 0 0 0 0 0 0 0 0 0
0 0 0 0 0 0 0 0 0 0 0 0 0 0 0 0 0 0 0
0 0 0 0 0 0 0 0 0 0 0 0 0 0 0 0 0 0 0
0 0 0 0 0 0 0 0 0 0 0 0 0 0 0 0 0 0 0
0 0 0 0 0 0 0 0 0 0 0 0 0 0 0 0 0 0 0
0 0 0 0 0 0 0 0 0 0 0 0 0 0 0 0 0 0 0
0 0 0 0 0 0 0 0 0 0 0 0 0 0 0 0 0 0 0
0 0 0 0 0 0 0 0 0 0 0 0 0 0 0 0 0 0 0
0 0 0 0 0 0 0 0 0 0.594610145518927 0 0 0 0 0 0 0 0 0
0 0 0 0 0 0 0 0 0 0.682328725194164 0 0 0 0 0 0 0 0 0
0 0 0 0 0 0 0 0 0 0.707203044246595 0 0 0 0 0 0 0 0 0
0 0 0 0 0 0 0 0 0 0.705322880141949 0 0 0 0 0 0 0 0 0
0 0 0 0 0 0 0 0 0 0.697643944473944 0 0 0 0 0 0 0 0 0
0 0 0 0 0 0 0 0 0 0.688381561807006 0 0 0 0 0 0 0 0 0
0 0 0 0 0 0 0 0 0 0.678661932552535 0 0 0 0 0 0 0 0 0
0 0 0 0 0 0 0 0 0 0.668816906236764 0 0 0 0 0.538489369634191 0 0 0 0
0 0 0 0 0 0 0 0 0 0.658949677015624 0 0 0 0 0.59145202698567 0 0 0 0
0 0 0 0.451125016068221 0 0 0 0 0 0.649093495531008 0 0 0.290170073047809 0 0.601996222410103 0 0 0 0
0 0 0 0.533488616832166 0 0 0 0 0 0.639259236975753 0 0 0.489664847065667 0 0.600221698371799 0 0 0 0
0 0 0 0.561681880347853 0 0 0.419997729807904 0 0 0.629450336457829 0 0 0.537444396129834 0 0.59421562577884 0 0.415426067254235 0 0
0 0 0 0.566570440747463 0 0 0.498248715014994 0 0 0.619667667240874 0 0 0.546841850378309 0 0.586543219743851 0 0.504528669599672 0.43565553089315 0
0 0 0.45758893092049 0.564073583088243 0 0 0.525778349398032 0 0 0.609911193121017 0 0.419283442565305 0.545712983589839 0.382186973033211 0.578177120876339 0 0.536713172683704 0.504609159781134 0
0.419571145203704 0.420716666754211 0.513088764859865 0.558607279364431 0 0 0.53172005334403 0.195255309621851 0 0.600180547843737 0 0.489092894745077 0.540403939856985 0.475251875708665 0.569517635317304 0 0.544456243276647 0.528218742691772 0
0.485158627998455 0.4829450101644 0.528365928496748 0.551834876665443 0 0 0.530272809789429 0.433761087736954 0 0.590475245193943 0 0.51376400124715 0.533211540055501 0.510328550816199 0.560737564972259 0 0.544319138431145 0.534058823662932 0.415069839122371
0.508051436136344 0.503478796296926 0.532105903415656 0.54446471783329 0 0 0.525643590126298 0.487912742769689 0 0.580794757708287 0 0.52068790918713 0.525118203034371 0.520707537933297 0.551913974864437 0 0.540921670636089 0.533524240710701 0.476716175486751
0.515340665239991 0.509611650027157 0.531278858011053 0.536818217042948 0 0 0.519511782760391 0.504296843242939 0 0.571138547142326 0 0.521126267894604 0.516580651078739 0.522917395824782 0.543082058297967 0 0.536044202944875 0.530222605725894 0.497581195560677
0.516709696122166 0.510117999272307 0.528395530003768 0.529046992662962 0.307656808074907 0.307656808074907 0.512637917302127 0.509869079491995 0.278097668606442 0.561506076661477 0.338628616396044 0.518693592989387 0.507822041751651 0.521642640978042 0.534258136606273 0 0.530466990752018 0.525623800047637 0.504866356238063
0.515416148811393 0.508043257125818 0.524534175553314 0.521224504497114 0.399819927628117 0.399819927628117 0.505390142811963 0.510968383629962 0.384624414802947 0.551896815891285 0.409482627421357 0.51488668950068 0.498955176297764 0.518733593841356 0.525449804667042 0.288172660484608 0.524554778051719 0.520395563673067 0.506758169739535
0.51283800733993 0.504700181071573 0.520197139566126 0.513387034258195 0.438328286080028 0.438328286080028 0.497954066324712 0.509977197657722 0.427475106448268 0.542310243087694 0.437569502627724 0.510397953433438 0.490038538830444 0.515024845745264 0.516660529249978 0.3772361259712 0.518484576865038 0.514858943253416 0.506159249101145
0.509620074694752 0.500713377670252 0.515628890965338 0.505552725380964 0.454250212723354 0.454250212723354 0.490425892344494 0.507955332666353 0.444295448694375 0.532745846104715 0.449227119379964 0.505566617583482 0.481103055196226 0.51091830901687 0.507891784151208 0.414812669807963 0.51234439471392 0.509173570623617 0.50433363035766
0.5060801334847 0.496396009115667 0.510951533669268 0.497730682759541 0.462046531548671 0.462046531548671 0.482856504436603 0.505412887134368 0.452120309378001 0.523203122838744 0.454311671139362 0.500564552960396 0.472165321558622 0.506614715950438 0.499144063999373 0.430668217735167 0.506178708383462 0.503420572417106 0.50188551166322
0.502379482715814 0.491909997708569 0.506227073327519 0.489925423256947 0.466108100905617 0.466108100905617 0.475273217939026 0.502605763392393 0.455829655975908 0.513681581432459 0.456223401515408 0.495480720451909 0.463234323980462 0.502216576574168 0.49041737587159 0.438475533095538 0.500010220868789 0.497641789699909 0.499117945020798
0.49860148952991 0.48734072613923 0.501487322671181 0.482139096599103 0.468280499742026 0.468280499742026 0.467690838309182 0.499665420382584 0.457441980696949 0.504180740359764 0.456474273629332 0.490361828656207 0.454314930412647 0.497776996253016 0.481711482495408 0.442482356783391 0.493850549014856 0.49185899442805 0.496187125247244
0.494789740602597 0.482733808809032 0.496748674012266 0.47437261411039 0.469453045407204 0.469453045407204 0.46011741420847 0.496660374557846 0.4579293923346 0.494700128445741 0.455819550639638 0.485232621912952 0.445409742318011 0.493323729043434 0.473026024857795 0.444509288642656 0.487705580664073 0.486083538151299 0.493174893795629
0.490967175689426 0.478113815630836 0.492019541367552 0.466626232225413 0.47008401195341 0.47008401195341 0.452557288734306 0.493626660020527 0.457796898573347 0.485239284846607 0.454660187300647 0.48010625211885 0.436520094707798 0.488871327844845 0.464360585124601 0.445454006243195 0.481578205362186 0.480321288126312 0.490124580971233
0.487145886043547 0.473494025252966 0.48730416675223 0.458899859004973 0.47041798367106 0.47041798367106 0.44501274527026 0.49058332030628 0.457317765245984 0.475797759001987 0.45321644412365 0.474989676785463 0.427646605559415 0.484427391012615 0.455714719458692 0.445791855485114 0.475469727006657 0.474575191903852 0.487059269906301
0.483332207340317 0.468881590351926 0.482604591541914 0.451193217585023 0.470587988179462 0.470587988179462 0.437484908992548 0.487540423706943 0.456643298336234 0.466375110566053 0.451611788796148 0.469886509030164 0.418789482551617 0.479995818009341 0.447087975381946 0.445784517531995 0.469380604545771 0.468846627940063 0.483991284440306
0.479529397503422 0.464280309141798 0.477921688827921 0.443505934561723 0.470667131551293 0.470667131551293 0.429974247731807 0.484503260718342 0.455858410323768 0.456970909321399 0.44991630355827 0.464798540807134 0.409948696925445 0.475578525650896 0.438479901061523 0.445579249771237 0.4633108452269 0.463136125670561 0.480927183739162
0.47573905829648 0.459692128930239 0.473255709484956 0.435837588395 0.470695820678922 0.470695820678922 0.422480853964395 0.481474562646875 0.455011145516916 0.447584735078265 0.448170092401986 0.459726565967192 0.401124083446664 0.471176361953014 0.429890050304754 0.445259983679317 0.457260215806833 0.457443753791664 0.477870417828287
0.47196189642058 0.455117969774829 0.468606573684481 0.428187736206651 0.470696460691527 0.470696460691527 0.415004605563479 0.478455683335824 0.454128829451427 0.438216177561037 0.446396229697494 0.454670829451111 0.392315398652391 0.466789597166925 0.42131798523601 0.444874922368653 0.451228357195928 0.451769331836504 0.47482275090876
0.468198134126017 0.450558179689545 0.463974027822223 0.420555928739914 0.470681497371893 0.470681497371893 0.407545258501778 0.475447232858513 0.453227057283886 0.428864836283616 0.444608039750701 0.449631274706576 0.383522355211387 0.462418189832182 0.412763277701424 0.444451879068615 0.44521484726631 0.446112546569708 0.471785029546484
0.464447732290827 0.44601278827064 0.459357729614552 0.412941718745256 0.470657851313102 0.470657851313102 0.400102500879278 0.472449419405771 0.452314750259324 0.419530320415022 0.442813232900658 0.444607681114948 0.374744642419376 0.458061932021867 0.404225509964628 0.444006949772458 0.439219235517914 0.440473016557365 0.468757599866551
0.460710512379724 0.441481649058945 0.4547572945113 0.405344665669169 0.470629373075448 0.470629373075448 0.392675984705254 0.469462234764119 0.45139701959724 0.410212248636462 0.441016272901458 0.439599740892975 0.36598193854055 0.453720529160101 0.395704275001538 0.443549467950506 0.433241062299573 0.434850328227253 0.465740535415422
0.456986223479608 0.436964519976337 0.450172321097051 0.397764338238677 0.470598205846456 0.470598205846456 0.385265344737231 0.466485555439956 0.450476795887462 0.400910248990983 0.439219739322503 0.434607102388274 0.357233918293586 0.44939364411453 0.387199176565221 0.443084853204205 0.427279869465989 0.429244056090477 0.462733762255547
0.453274579295553 0.432461109022423 0.445602404986899 0.390200315834721 0.4705655427738 0.4705655427738 0.377870209706523 0.463519198024581 0.449555759110671 0.391623958726744 0.437425114966151 0.429629394554545 0.348500257411496 0.445080921630005 0.378709829117337 0.442616255613355 0.42133520623997 0.423653774081642 0.459737127950905
0.449575278608367 0.427971100335062 0.441047146374377 0.382652189161483 0.470532048202544 0.470532048202544 0.370490209018543 0.46056294959831 0.448634870776726 0.382353024134848 0.435633242609933 0.424666240801057 0.339780635417858 0.440782001864578 0.370235857681393 0.442145507397946 0.415406632366569 0.418079061875251 0.456750439746845
0.445888016570061 0.423494169072199 0.436506154053416 0.37511956050303 0.470498092080595 0.470498092080595 0.363124976736935 0.457616584446737 0.447714679016599 0.373097100382634 0.433844590783609 0.419717266797189 0.331074737304065 0.436496527843121 0.361776897650003 0.441673674688268 0.409493719725977 0.412519508337867 0.453773485746447
0.442212490894513 0.419029989886995 0.431979047470782 0.367602043736689 0.470463880435061 0.470463880435061 0.355774153922465 0.454679873233553 0.446795493808051 0.363855851343233 0.432059408872949 0.414782104814116 0.322382254522595 0.432224149495299 0.353332594565175 0.44120137786859 0.403596053064128 0.406974713336172 0.450806046654278
0.438548405189581 0.414578241708619 0.427465457674134 0.360099264202784 0.470429528012263 0.470429528012263 0.348437389967136 0.45175258799722 0.445877487774799 0.354628949422136 0.430277817880321 0.409860396070928 0.313702885550659 0.427964525765697 0.34490260388314 0.440728977758978 0.397713230216636 0.401444288596436 0.447847902262865
0.434895470682132 0.410138610381371 0.422965027640223 0.352610858489993 0.470395098723741 0.470395098723741 0.341114343310302 0.448834504826528 0.444960754258228 0.34541607538149 0.428499863668142 0.404951791925382 0.305036336181761 0.423717325631981 0.336486590730759 0.440256683921016 0.391844862042171 0.395927858015249 0.444898834996659
0.431253407037462 0.405710790057052 0.418477412256463 0.345136474171964 0.470360628168817 0.470360628168817 0.333804681772609 0.445925405242232 0.444045340820852 0.336216918162729 0.426725548266491 0.400055954394085 0.296382319643817 0.419482228503971 0.328084229657983 0.439784617712433 0.385990572190613 0.39042505765331 0.44195863180334
0.427621942668556 0.401294483859768 0.414002278110981 0.337675769516846 0.470326136177394 0.470326136177394 0.326508082652818 0.443025076856298 0.443131268601884 0.327031174708148 0.424954848321124 0.395172556283764 0.287740556606158 0.415258924272797 0.319695204389207 0.439312849024565 0.380149996779316 0.384935535547612 0.439027085114737
0.424000814759311 0.396889404126278 0.409539303179661 0.330228413183043 0.470291633795532 0.470291633795532 0.319224232677558 0.44013331362828 0.442218543513845 0.317858549781937 0.423187725983426 0.390301281098339 0.279110775115248 0.411047113164263 0.311319207575419 0.438841417702028 0.374322784020641 0.379458951421649 0.436103993283699
0.420389769129386 0.392495272399846 0.405088176460935 0.322794083909419 0.470257127176238 0.470257127176238 0.311952827860344 0.437249915898195 0.441307162727321 0.308698755791178 0.421424135347238 0.385441822818749 0.270492710484775 0.406846505485141 0.302955940548424 0.438370346040062 0.368508593826331 0.373994976340747 0.43318916072653
0.416788560013642 0.388111819282648 0.400648597587499 0.315372470205146 0.470222619746674 0.470222619746674 0.304693573305394 0.434374690296981 0.440397118430891 0.299551512607223 0.419664026255676 0.380593885612823 0.261886105156798 0.402656821313626 0.294605113078039 0.437899646081077 0.362707097403911 0.368543292340496 0.430282397901251
0.413196949798011 0.383738784209017 0.39622027643168 0.307963270042404 0.47018811341539 0.47018811341539 0.297446182978821 0.431507449591654 0.439488400013135 0.29041654738787 0.417907346551123 0.375757183509212 0.253290708544922 0.398477790163635 0.286266443132898 0.437429323877541 0.356917976854162 0.363103592044989 0.427383521195859
0.40961470873581 0.379375915176552 0.391802932714027 0.300566190554014 0.470153609244836 0.470153609244836 0.290210379461622 0.428648012497528 0.438580995329698 0.281293594400686 0.416154043401698 0.370931440055606 0.24470627686675 0.394309150640101 0.277939656645325 0.436959381984137 0.351140924774996 0.357675578284756 0.424492352768876
0.406041614658206 0.375022968457177 0.387396295620497 0.293180947737272 0.470119107826035 0.470119107826035 0.282985893693735 0.425796203475779 0.43767489143913 0.272182394847803 0.414404064078802 0.366116387973245 0.236132572970454 0.390150650095151 0.269624487280617 0.436489820915626 0.345375643874845 0.352258963720303 0.421608720366382
0.402477452686643 0.370679708301245 0.383000103431147 0.285807266164816 0.470084609487321 0.470084609487321 0.27577246471515 0.422951852526684 0.436770075029923 0.263082696692464 0.412657356407873 0.361311768814789 0.227569366158728 0.38600204429076 0.261320676210999 0.43602064000018 0.339621846597326 0.346853470474628 0.418732457129297
0.39892201495156 0.366345906642468 0.378614103161836 0.278444878702994 0.470050114410647 0.470050114410647 0.268569839407919 0.420114794984286 0.435866532667797 0.253994254487589 0.410913869024339 0.356517332629661 0.219016432012319 0.381863097070998 0.253027971894428 0.435551837879154 0.333879254758101 0.341458829776664 0.415863401398754
0.395375100319739 0.362021342808187 0.374238050219546 0.271093526238016 0.470015622696393 0.470015622696393 0.26137777224157 0.417284871315653 0.434964250938272 0.244916829206566 0.409173551513412 0.351732837639176 0.210473552214648 0.377733580045444 0.244746129858391 0.435083412799923 0.328147599194344 0.33607478161663 0.413001396523928
0.391836514131438 0.357705803237565 0.3698717080715 0.263752957410039 0.469981134399474 0.469981134399474 0.254196025023489 0.414461926926361 0.434063216528161 0.235850188076481 0.407436354480633 0.346958049922671 0.201940514378526 0.373613272284548 0.23647491248879 0.434615362787529 0.322426619426912 0.330701074413751 0.410146290674718
0.388306067947789 0.353399081209079 0.365514847927882 0.256422928355211 0.469946649549468 0.469946649549468 0.247024366655277 0.41164581197302 0.433163416271417 0.226794104413944 0.405702229581252 0.342192743115201 0.193417111875687 0.369501960027121 0.228214088823981 0.43414768574532 0.316716063335117 0.325337464696427 0.407297936660538
0.384783579308539 0.349100976577984 0.361167248437877 0.249103202455661 0.46991216816183 0.46991216816183 0.239862572895692 0.408836381183143 0.432264837174166 0.21774835746367 0.403971129525254 0.337436698116936 0.184903143669589 0.365399436399884 0.219963434353989 0.433680379513932 0.311015686843877 0.31998371679475 0.404456191755785
0.381268871499998 0.34481129552398 0.3568286953986 0.241793550097349 0.469877690244145 0.469877690244145 0.232710426130494 0.406033493682374 0.431367466427605 0.208712732239945 0.402243008068115 0.33268970281418 0.176398414151812 0.361305501148828 0.211722730824942 0.433213441905851 0.30532525362294 0.314639602545117 0.401620917532192
0.377761773332902 0.340529850309045 0.352498981476455 0.234493748435679 0.469843215799606 0.469843215799606 0.22556771514938 0.403237012828963 0.430471291413808 0.19968701937115 0.400517819993365 0.327951551811766 0.167902732982266 0.357219960381995 0.203491766048676 0.432746870725618 0.299644534797849 0.309304901006623 0.398791979698032
0.374262118929871 0.336256459045245 0.348177905940442 0.227203581168736 0.46980874482896 0.46980874482896 0.218434234930044 0.400446806055267 0.429576299707436 0.190671014947694 0.398795521090587 0.323222046176508 0.159415914933322 0.35314262632331 0.195270333717532 0.432280663781614 0.29397330867227 0.303979398188857 0.395969247944039
0.370769747522068 0.331990945472245 0.343865274406934 0.219922838318002 0.469774277331589 0.469774277331589 0.211309786429333 0.397662744716015 0.42868247907506 0.181664520374833 0.397076068131044 0.318500993191329 0.150937779737952 0.349073317076997 0.187058233224265 0.431814818892889 0.288311360461303 0.298662886790735 0.39315259579584
0.367284503254689 0.327733138744191 0.339560898595417 0.21265131601638 0.46973981330611 0.46973981330611 0.204194176381395 0.394884703943072 0.427789817473137 0.172667342237682 0.395359418842238 0.313788206119681 0.142468151941901 0.345011856402159 0.178855269487048 0.431349333893079 0.282658482035397 0.293355165949939 0.390341900472641
0.363806235000885 0.323482873225598 0.335264596094743 0.205388816303364 0.469705352750713 0.469705352750713 0.197087217102717 0.392112562506418 0.42689830304523 0.163679292219036 0.393645531882198 0.30908350397985 0.134006860759904 0.340958073497081 0.170661252779493 0.430884206632613 0.277014471674468 0.28805604100259 0.387537042751916
0.36033479618375 0.319239988295898 0.330976190139422 0.198135146927162 0.469670895663347 0.469670895663347 0.189988726303882 0.389346202681054 0.426007924118813 0.154700187310117 0.39193436681394 0.304386711328737 0.125553739935906 0.33691180279282 0.162475998565613 0.430419434979907 0.27137913383185 0.282765323252731 0.384737906839848
0.35687004460599 0.315004328162268 0.32669550939551 0.190890121153605 0.46963644204182 0.46963644204182 0.182898526907887 0.386585510119582 0.425118669201886 0.145729851831876 0.390225884080364 0.299697658054729 0.117108627607285 0.332872883755675 0.154299327339676 0.429955016821975 0.265752278907707 0.277482829751255 0.381944380247244
0.353411842286933 0.310775741680383 0.322422387755666 0.183653557581632 0.469601991883859 0.469601991883859 0.175816446874835 0.383830373730179 0.424230526979506 0.13676813154354 0.388520044979762 0.295016179179261 0.108671366173116 0.328841160698143 0.146131064470875 0.429490950064686 0.260133723031519 0.272208383083869 0.379156353670701
0.34996005530654 0.30655408218276 0.318156664142964 0.176425279965188 0.469567545187135 0.469567545187135 0.168742319032833 0.38108068555973 0.423343486310298 0.127814994716859 0.38681681164199 0.290342114666705 0.100241802167427 0.324816482597955 0.137971040052919 0.429027232632816 0.254523287853311 0.266941811167745 0.376373720878754
0.346514553656075 0.302339207314329 0.313898182323071 0.169205117041325 0.469533101949284 0.469533101949284 0.161675980914892 0.378336340681872 0.422457536223012 0.118871310096009 0.385116147005348 0.285675309242217 0.0918197861476624 0.320798702924848 0.129819088759865 0.428563862469986 0.248920800343256 0.261682947056489 0.373596378602803
0.343075211095149 0.298130978874937 0.309646790724408 0.161992902364329 0.469498662167905 0.469498662167905 0.154617274601645 0.375597237089711 0.421572665913116 0.109945354386598 0.383418014794186 0.281015612217191 0.0834051727153213 0.3167876794747 0.121675049718545 0.428100837538532 0.24332609259933 0.256431628753075 0.370824226432572
0.339641905014814 0.293929262668446 0.305402342265926 0.154788474145682 0.469464225840569 0.469464225840569 0.147566046569703 0.372863275593022 0.420688864739465 0.101112311659378 0.381722379497227 0.27636287732199 0.0749978221557627 0.312783274210704 0.113538766482744 0.427638155819328 0.237739001662679 0.251187699030427 0.36805716671591
0.336214516306451 0.289733928358152 0.301164694192174 0.147591675099678 0.469429792964808 0.469429792964808 0.140522147545458 0.370134359719692 0.41980612222103 0.0931040062501882 0.380029206346591 0.271716962545636 0.0665976251002823 0.308785353111254 0.105410087859256 0.427175815311598 0.232159369340399 0.245951005259304 0.365295104462726
0.332792929236165 0.285544849328218 0.296933707915293 0.140402352294498 0.469395363538113 0.469395363538113 0.133485432364138 0.367410395621233 0.418924428033712 0.0927682096981095 0.378338461297499 0.267077729982136 0.0582049046702824 0.304793786024228 0.0972888767792761 0.426713814032708 0.226587042035411 0.240721399243193 0.362537947252866
0.329377031324437 0.281361902550861 0.292709248863664 0.133220357008583 0.469360937557928 0.469360937557928 0.126455759833952 0.364691291982162 0.418043772007222 0.0970895788810533 0.376650111008652 0.262445045683166 0.0498280919649853 0.300808446527393 0.0891751028705379 0.426252150017958 0.22102187058315 0.23549873705991 0.359785605147746
0.325966713230791 0.27718496845903 0.288491186336863 0.126045544592114 0.469326515021631 0.469326515021631 0.119432992605142 0.361976959933081 0.41716414412204 0.100092790483162 0.374964122823242 0.257818779516819 0.0416599892897852 0.296829211794631 0.0810698986971988 0.425790821320366 0.215463710094771 0.230282878909612 0.357037990605585
0.322561868643248 0.273013930824331 0.284279393366677 0.118877774333458 0.469292095926526 0.469292095926526 0.112416997043757 0.359267312967282 0.41628553450644 0.102158194756473 0.373280464750591 0.253198805032157 0.0385198592691076 0.292855962467739 0.0729890079245168 0.425329826010462 0.209912419806615 0.22507368896896 0.354295018400057
0.319162394172334 0.268848676639952 0.280073746583878 0.111716909330567 0.469257680269823 0.469257680269823 0.105407643110002 0.356562266860715 0.415407933433596 0.103592838479407 0.371599105448376 0.2485849993293 0.0408256740329414 0.288888582533531 0.0651554500934642 0.424869162176074 0.204367862935671 0.219871035251159 0.351556605542212
0.315768189249446 0.26468909600837 0.275874126090512 0.104562816368594 0.469223268048615 0.469223268048615 0.0984048042409815 0.353861739595167 0.414531331318752 0.104596071842349 0.369920014205443 0.243977242934811 0.0436290308318344 0.284926959206018 0.0609182318825989 0.42440882792212 0.198829906540769 0.214674789471622 0.348822671205522
0.312379156029373 0.260535082033624 0.271680415337436 0.097415365816916 0.469188859259852 0.469188859259852 0.0914083572377213 0.351165651284515 0.413655718716459 0.105300866169049 0.368243160925164 0.239375419682144 0.045580290730252 0.280970982813421 0.0623182788868846 0.423948821370404 0.193298421389286 0.209484826919025 0.346093136653902
0.308995199296776 0.256386530717952 0.267492501006888 0.0902744316810427 0.469154453900306 0.469154453900306 0.0844181821566162 0.348473924103893 0.412781086317881 0.105797585447848 0.366568516109335 0.234779416596926 0.0469510702365137 0.277020546689805 0.0652347524708835 0.423489140659411 0.187773281829114 0.204301026331512 0.343367925172586
0.305616226376454 0.252243340862585 0.263310272899843 0.0831398933128815 0.469120051966529 0.469120051966529 0.0774341622088784 0.345786482221669 0.411907424948164 0.106148441420498 0.364896050842584 0.230189123786861 0.0479201704941642 0.273075547071122 0.0672551361739416 0.423029783944111 0.182254365665676 0.199123269777832 0.340646962001708
0.302242147047224 0.248105413972529 0.259133623827952 0.0760116570998728 0.469085653454805 0.469085653454805 0.0704561837167797 0.343103251734086 0.41103472556387 0.106396655753408 0.363225736777274 0.225604434336048 0.0486083122361035 0.269135882995465 0.0686683148668472 0.422570749395756 0.176741554043788 0.193951442543195 0.337930174272498
0.298872873459244 0.24397265416514 0.254962449509852 0.0688899456543853 0.469051258361081 0.469051258361081 0.0634841368444292 0.340424160602454 0.410162979250465 0.106572449637342 0.361557546118887 0.221025244203529 0.0490984573496346 0.265201456207349 0.0696632878936057 0.42211203520169 0.171234731334131 0.188785433019645 0.335217490945941
0.29550832005464 0.239844968082335 0.250796648471653 0.0617796018609449 0.469016866680893 0.469016866680893 0.0565179289897718 0.337749138592789 0.409292177219877 0.106697049838497 0.359891451611862 0.216451452125866 0.0494483344536439 0.261272171065825 0.0703670006699172 0.421653639565158 0.165733785024184 0.183625132600752 0.332508842753827
0.292148403491264 0.235722264806279 0.246636121951421 0.0547626930507574 0.468982478409268 0.468982478409268 0.04955773640365 0.335078117217772 0.4084223108081 0.106785413314567 0.358227426525878 0.211882959523584 0.0496984702848972 0.257347934456267 0.0708662925734338 0.421195560705113 0.160238605613384 0.178470435580447 0.329804162142052
0.288793042569473 0.231604455778379 0.242480773807464 0.049359704827031 0.468948093540606 0.468948093540606 0.0426094967628946 0.332411029680945 0.407553371472864 0.106848103001514 0.356565444642564 0.207319670411292 0.0498774949005257 0.253428655705663 0.0712213348720056 0.420737796856035 0.154749086512369 0.173321239055805 0.327103383216103
0.28544215816177 0.227491454721462 0.238330510430273 0.049262917774116 0.468913712068531 0.468913712068531 0.0358282541425683 0.329747810823036 0.406685350791349 0.106892590639931 0.35490548024262 0.202761491311349 0.0500057248498981 0.249514246501261 0.0714741996831935 0.420280346267747 0.149265123946113 0.168177442833624 0.324406441688604
0.282095673145188 0.223383177564979 0.234185240657935 0.0517751696332612 0.468879333985715 0.468879333985715 0.0335990311168326 0.327088397070322 0.405818240457964 0.106924167405979 0.353247508093327 0.198208331170887 0.050097623484861 0.245604620812405 0.0716544934290125 0.41982320720523 0.143786616860796 0.16303894934063 0.321713274828855
0.27875351233631 0.219279542373107 0.230044875694879 0.0535272545074482 0.468844959283651 0.468844959283651 0.0355055368867068 0.324432726384943 0.404952032282169 0.106946583310891 0.351591503436453 0.193660101282075 0.0501635108912723 0.241699694815443 0.0717831455180303 0.419366377948454 0.138313466834251 0.157905663537153 0.319023821414266
0.275415602428778 0.215180469275627 0.225909329033804 0.0547592975576765 0.468810587952379 0.468810587952379 0.0374374056284346 0.321780738217078 0.404086718186344 0.106962497617125 0.349937441976513 0.189116715205463 0.0502107628910023 0.23779938682155 0.0718749994699834 0.418909856792194 0.132845577989835 0.152777492834122 0.316338021683605
0.272081871933217 0.211085880401462 0.221778516380648 0.055630572249248 0.468776219980148 0.468776219980148 0.0387965797590859 0.319132373458917 0.40322229020372 0.106973796864824 0.348285299869392 0.184578088696279 0.0502446572270664 0.233903617207354 0.0719406069488725 0.418453642045863 0.127382856913583 0.147654347013249 0.313655817291989
0.268752251119441 0.206995699814738 0.217652355582465 0.056249150510222 0.468741855352997 0.468741855352997 0.0397588397692862 0.316487574400324 0.402358740476344 0.106981819793209 0.346635053711311 0.180044139633556 0.050268973554541 0.230012308348232 0.0719874810916785 0.417997732033341 0.12192521257451 0.142536138150255 0.310977151267538
0.265426671960864 0.202909853453285 0.213530766558083 0.0566895375568279 0.468707494054241 0.468707494054241 0.0404430678107976 0.313846284686158 0.401496061253095 0.106987516601616 0.344986680528117 0.175514787951963 0.0502864203097701 0.226125384554169 0.0720209778046633 0.417542125092807 0.116472556247919 0.137422780541013 0.308301967969627
0.262105068080996 0.19882826906946 0.209413671231429 0.0570036766575039 0.46867313606383 0.46867313606383 0.0409310870249222 0.311208449275147 0.400634244887749 0.106991561812647 0.343340157764895 0.170989955576224 0.0502989391537369 0.222242772008058 0.0720449183759053 0.417086819576572 0.111024801441604 0.132314190630492 0.305630213048654
0.258787374701963 0.194750876173194 0.205300993467392 0.0572280702942786 0.468638781357569 0.468638781357569 0.0412799150238499 0.308574014400268 0.399773283837079 0.106994434302287 0.341695463275897 0.166469566358014 0.0503079224840292 0.218364398706347 0.0720620308247869 0.41663181385092 0.105581863824812 0.127210286944366 0.302961833407283
0.255473528594938 0.190677605977168 0.20119265901013 0.0573885154676679 0.468604429906147 0.468604429906147 0.0415296343512315 0.305942927530562 0.398913170659005 0.106996474072475 0.340052575314747 0.161953546015228 0.0503143690351216 0.214490194401923 0.0720742635217097 0.416177106295945 0.100143661159863 0.1221109900232 0.300296777163083
0.252163468032421 0.186608391344028 0.1970885954237 0.0575033169764294 0.468570081673939 0.468570081673939 0.0417085992441076 0.303315137334334 0.398053898010781 0.106997922537126 0.338411472524958 0.157441822073525 0.0503189952907967 0.210620090549142 0.0720830084332611 0.415722695305395 0.0947101132363083 0.11701622235908 0.297634993612509
0.248857132742274 0.182543166735559 0.192988732034933 0.0575855007684318 0.468535736617534 0.468535736617534 0.0418369571820676 0.30069059364367 0.397195458647225 0.106998951115349 0.336772133930704 0.152934323810046 0.0503223153096073 0.206754020250914 0.0720892602346983 0.415268579286514 0.0892811418075302 0.111925908334608 0.294976433196177
0.245554463863455 0.178481868163721 0.188892999878428 0.057644355356489 0.468501394683912 0.468501394683912 0.0419290700543103 0.298069247420217 0.396337845418988 0.106999681528716 0.335134538927873 0.148430982199213 0.0503246979456622 0.202891918207748 0.072093729815167 0.41481475665989 0.0838566705297071 0.106839974164143 0.292321047465364
0.242255403903357 0.174424433143487 0.18480133164361 0.0576865139155951 0.468467055808194 0.468467055808194 0.0419951990297543 0.295451050722185 0.395481051270854 0.107000200211093 0.333498667275376 0.143931729860535 0.050326407879713 0.199033720668689 0.0720969253003043 0.414361225859303 0.078436624903366 0.101758347837209 0.289668789049702
0.238959896696705 0.170370800647391 0.180713661623734 0.0577167183597903 0.46843271991087 0.46843271991087 0.0420426874737572 0.292835956672505 0.394625069240093 0.10700056853954 0.331864499086698 0.139436501008312 0.0503276350483053 0.195179365384051 0.0720992099145946 0.413907985331576 0.0730209322213106 0.0966809590639767 0.287019611625999
0.235667887365935 0.166320911061729 0.176629925666774 0.0577383611362788 0.468398386894372 0.468398386894372 0.0420767968313082 0.290223919428113 0.393769892454831 0.10700083009858 0.330232014821702 0.13494523140319 0.0503285157552339 0.19132879155988 0.0721008433174042 0.413455033536427 0.06760952157428 0.091607739222728 0.284373469888159
0.232379322282998 0.162274706144332 0.172550061128108 0.057753870570424 0.468364056638845 0.468364056638845 0.0421013000621123 0.287614894150299 0.392915514132472 0.107001015838266 0.328601195278657 0.130457858305462 0.0503291478180654 0.187481939814072 0.0721020111397946 0.413002368946327 0.0622023246590139 0.0865386213092277 0.28173031951814
0.229094149032526 0.158232128983858 0.168474006824926 0.0577649855379685 0.468329728996921 0.468329728996921 0.042118904382712 0.285008836976093 0.39206192757814 0.10700114773682 0.326972021586497 0.125974320430059 0.0503296014360683 0.183638752134082 0.0721028460937115 0.412549990046353 0.0567992892424077 0.0814735398879238 0.279090117157917
0.225812316376309 0.154193123960532 0.164401702992289 0.0577729515583821 0.468295403787273 0.468295403787273 0.0421315531529018 0.282405704990621 0.39120912618317 0.107001241401447 0.325344475197289 0.121494557903156 0.0503299269886665 0.179799171836148 0.0721034430599834 0.412097895334048 0.0514006145927295 0.0764124310449041 0.276452820382414
0.222533774219022 0.150157636708275 0.160333091240772 0.0577786609476995 0.468261080786653 0.468261080786653 0.0421406418393891 0.279805456200436 0.390357103423615 0.107001307915187 0.323718537878928 0.117018512220329 0.0503301606316064 0.175963143525978 0.0721038698735467 0.411646083319285 0.0460113540679745 0.0713552323426039 0.273818387673353
0.21925847357517 0.146125614078179 0.156268114515629 0.0577827530706154 0.468226759720053 0.468226759720053 0.0421471727092976 0.277208049507734 0.389505852858797 0.107001355148374 0.322094191708016 0.112546126206197 0.0503303283128934 0.172130613060834 0.0721041750334277 0.411194552524126 0.0407434367501989 0.0663018827770517 0.271186778394001
0.215986366537166 0.142097004103248 0.152206717057409 0.057785686093154 0.468192440248559 0.468192440248559 0.0421518657381223 0.274613444685457 0.388655368129887 0.107001388689932 0.320471419062953 0.108077343975494 0.0503304486547897 0.168301527512959 0.0721043932145842 0.410743301482687 0.0382443566717903 0.0612523227500574 0.268557952764761
0.212717406244541 0.138071755964384 0.148148844363966 0.0577877883591318 0.468158121954344 0.468158121954344 0.0421552381781313 0.272021602353238 0.387805642958506 0.107001412508698 0.318850202617214 0.103612110895502 0.050330535022087 0.164475835134287 0.072104549208426 0.410292328741007 0.0390510018727547 0.0562064942553827 0.265931871839588
0.2094515468542 0.134049819957541 0.144094443153817 0.057789295187848 0.468123804322134 0.468123804322134 0.0421576616700937 0.269432483954145 0.386956671145371 0.107001429423049 0.317230525332806 0.0991503735498097 0.0503305970064256 0.160653485322394 0.0721046607400342 0.409841632856912 0.0404527980438225 0.0511643447835705 0.263308497483198
0.20618874351171 0.130031147462019 0.140043461330782 0.0577903752355967 0.46808948671631 0.46808948671631 0.0421594032503395 0.266846051732205 0.386108446568956 0.107001441434389 0.315612370453908 0.0946920797033182 0.0503306414915417 0.15683442858763 0.0721047404823208 0.409391212399887 0.0414444983561277 0.0461259036340856 0.260687792349022
0.202928952323568 0.126015690909846 0.135995847949852 0.0577911493837114 0.468055168352608 0.468055168352608 0.0421606548016804 0.264262268710676 0.385260963184184 0.107001449963968 0.313995721500687 0.0902371782684699 0.0503306734177668 0.153018616521391 0.0721047974960641 0.408941065950944 0.042149237266041 0.0410929473968729 0.258069719857904
0.199672130330405 0.122003403756202 0.131951553184249 0.0577917042733622 0.468020848263168 0.468020848263168 0.0421615542085535 0.261681098671032 0.384414215021156 0.107001456021054 0.312380562263272 0.0857856192726319 0.0503306963306883 0.14920600176548 0.0721048382594766 0.408491192102498 0.0426516321694623 0.0361105114776848 0.255454244177484
0.196418235481105 0.117994240450849 0.12791052829362 0.0577921020050889 0.467986525253328 0.467986525253328 0.0421622005550887 0.259102506132639 0.383568196183892 0.107001460322356 0.310766876795898 0.0813373538266002 0.0503307127749136 0.145396537982523 0.0721048674043113 0.40804158945823 0.0430105782209232 0.0324296086939197 0.252841330202268
0.193167226607787 0.113988156410528 0.123872725593321 0.0577923870902396 0.467952197848243 0.467952197848243 0.0421626650445475 0.256526456333093 0.382722900849109 0.107001463376827 0.309154649411202 0.076892334094174 0.0503307245766633 0.141590179827388 0.0721048882421516 0.407592256632968 0.0432674399676538 0.0322227776199675 0.250230943534335
0.189919063401625 0.109985107992275 0.119838098424752 0.0577925914331125 0.467917864226898 0.467917864226898 0.042162998845194 0.253952915209202 0.381878323265017 0.107001465545891 0.307543864674674 0.0724505132627624 0.0503307330465849 0.137786882919572 0.0721049031406965 0.407143192252549 0.0434514571887268 0.0336406859051422 0.247623050464678
0.186673706389472 0.105985052467641 0.115806601126699 0.0577927379017962 0.467883522140558 0.467883522140558 0.0421632387279949 0.251381849378569 0.381034457750146 0.107001467086202 0.305934507399255 0.0680118455149812 0.0503307391253086 0.13398660381652 0.0721049137927918 0.406694394953692 0.0435833941522056 0.034644656117343 0.245017617955133
0.183431116911255 0.101987947997756 0.111778189007641 0.0577928428875422 0.467849168811955 0.467849168811955 0.0421634111177691 0.24881322612178 0.380191298692193 0.107001468180019 0.304326562640072 0.0635762860012008 0.050330743487909 0.130189299987837 0.0721049214087797 0.406245863383858 0.0436780449121741 0.0353587717177623 0.2424146136209
0.18019125709812 0.0979937536092253 0.107752818318995 0.0577929181392041 0.467814800810659 0.467814800810659 0.0421635350043346 0.246247013365156 0.379348840546893 0.107001468956768 0.302720015689318 0.059143790813012 0.0503307466188758 0.126394929790362 0.0721049268540249 0.405797596201102 0.0437459747344467 0.0358683400369259 0.239814005713603
0.176954089851278 0.0940024291708122 0.103730446229241 0.0577929720780932 0.467780413899005 0.467780413899005 0.0421636240344957 0.243683179664043 0.378507077836911 0.107001469508359 0.301114852071264 0.0547143169575826 0.0503307488659194 0.122603452444063 0.0721049307472425 0.405349592073919 0.0437947416153603 0.036232771735425 0.237215763104904
0.173719578821553 0.0900139353708883 0.099711030798922 0.0577930107404209 0.467746002841577 0.467746002841577 0.0421636880153848 0.241121694186646 0.377666005150765 0.107001469900059 0.299511057537397 0.0502878223330782 0.0503307504785859 0.118814828008727 0.0721049335307981 0.404901849681062 0.0438297588124968 0.0364938230636412 0.234619855270617
0.170487688389583 0.0860282336956125 0.0956945309564614 0.0577930384528166 0.467711561169632 0.467711561169632 0.0421637339948068 0.238562526698355 0.376825617141756 0.107001470178215 0.297908618061687 0.0458642657091235 0.0503307516359702 0.115029017361421 0.0721049355209724 0.404454367711329 0.0438549068286058 0.0366810342767273 0.232026252275327
0.167258383646659 0.0820452864078182 0.0916809064747755 0.0577930583165191 0.467677080889775 0.467677080889775 0.0421637670376055 0.236005647546575 0.375985908526935 0.107001470375742 0.296307519835974 0.0414436067987568 0.0503307524666061 0.11124598217468 0.0721049369438987 0.404007144863313 0.04387296914383 0.0368154012141467 0.229434924757486
0.16403163037618 0.0780650565265783 0.0876701179486538 0.057793072554433 0.467642552123644 0.467642552123644 0.0421637907835913 0.233451027646012 0.375146874086078 0.107001470516011 0.294707749265478 0.0370258085193875 0.0503307530627398 0.107465684895405 0.0721049379612564 0.403560179845062 0.0438859432394397 0.0369118966705912 0.226845843914969
0.160807395035694 0.0740875078074247 0.0836621267728726 0.0577930827598922 0.46760796266224 0.46760796266224 0.042163807848487 0.23089863846443 0.374308508660688 0.10700147061562 0.293109292964416 0.0326108993916378 0.0503307534905751 0.103688088724443 0.0721049386886423 0.403113471373648 0.0438952630091102 0.0369812238154163 0.224258981491077
0.157585644739508 0.0701126047231959 0.0796568951210176 0.0577930900749668 0.467573297414625 0.467573297414625 0.042163820112062 0.228348452008827 0.37347080715301 0.107001470686355 0.291512137751733 0.0282009536176851 0.0503307537976257 0.0999131575968197 0.0721049392087053 0.402667018174554 0.0439019580124051 0.0370310468709169 0.221674309760965
0.154366347241847 0.0661403124454928 0.0756543859249876 0.0577930953182701 0.467538537725866 0.467538537725866 0.0421638289251999 0.225800440812052 0.372633764525072 0.107001470736585 0.289916270646945 0.023874604445475 0.0503307540179906 0.0961408561626037 0.0721049395805378 0.402220818980828 0.0439067676128895 0.0370668607339802 0.219091801518485
0.151149470920541 0.0621705968267169 0.0716545628551529 0.0577930990765682 0.467503660533131 0.467503660533131 0.0421638352587043 0.223254577919816 0.371797375797733 0.107001470772256 0.288321678866082 0.0228425929544796 0.0503307541761432 0.0923711497683804 0.072104939846389 0.401774872531843 0.043910222837268 0.0370926084871383 0.21651143006343
0.147934984761214 0.0582034243826702 0.0676573903011461 0.0577931017704434 0.467468637321407 0.467468637321407 0.0421638398102362 0.2207108368781 0.370961636049753 0.107001470797586 0.286728349817732 0.024130385104083 0.0503307542896465 0.0886040044393051 0.0721049400364663 0.401329177571488 0.0439127051129077 0.0371111214490533 0.213933169189157
0.144722858341969 0.0542387622756998 0.0636628333532618 0.0577931037013608 0.467433432831077 0.467433432831077 0.042163843081165 0.218169191720943 0.370126540416861 0.107001470815574 0.285136271099185 0.0250510711610067 0.0503307543711062 0.0848393868617256 0.0721049401723668 0.400883732845501 0.0439144884293877 0.0371244335704283 0.211356993170587
0.141513061818542 0.0502765782983616 0.0596708577844422 0.057793105085405 0.467398003458193 0.467398003458193 0.0421638454317969 0.215629616958592 0.369292084090845 0.107001470828348 0.283545430492675 0.0257075208937588 0.0503307544295685 0.0810772643663431 0.0721049402695324 0.400438537097471 0.0439157696095163 0.0371340064730283 0.208782876752555
0.138305565909909 0.0463168408575894 0.0556814300328507 0.0577931060774612 0.467362295274041 0.467362295274041 0.0421638471210635 0.21309208756601 0.368458262318617 0.107001470837419 0.28195581596171 0.0261769391237138 0.0503307544715258 0.0773176049118987 0.0721049403390033 0.399993589062852 0.0439166900471641 0.0371408907445961 0.206210795138514
0.135100341884334 0.0423595189593591 0.0516945171853862 0.0577931067885478 0.467326241572997 0.467326241572997 0.042163848335044 0.210556578971717 0.367625070401269 0.10700147084386 0.280367415647495 0.02651330947032 0.0503307545016379 0.073560377069362 0.0721049403886733 0.399548887459932 0.0439173513193936 0.0371458416574008 0.203640723979566
0.13189736154584 0.03840458219403 0.0477100869690318 0.0577931072982407 0.46728975983569 0.46728975983569 0.042163849207463 0.208023067046965 0.366792503693066 0.107001470848434 0.278780217865442 0.0267546975684247 0.0503307545232488 0.0698055500066062 0.0721049404241863 0.399104430976179 0.0439178264001491 0.0371494022465119 0.201072639363814
0.128696597221086 0.0344520007275506 0.0437281078898162 0.057793107663579 0.467252747967261 0.467252747967261 0.0421638498344215 0.205491528095228 0.365960557600344 0.107001470851683 0.277194211101763 0.0269281065264209 0.0503307545387588 0.0660530934735535 0.0721049404495773 0.398660218247542 0.0439181677152365 0.0371519629844021 0.198506517806036
0.125498021746639 0.0305017454508608 0.0397485526404864 0.0577931079254462 0.467215079636442 0.467215079636442 0.0421638502849812 0.202961938841998 0.365129227580216 0.10700147085399 0.27560938401015 0.0270527744811012 0.0503307545498899 0.062302977787769 0.0721049404677309 0.398216247826996 0.0439184129286228 0.0371538046602997 0.195942336237638
0.122301608456623 0.0265537934278155 0.0357714824381326 0.0577931081131477 0.467176598498826 0.467176598498826 0.0421638506087729 0.200434276424879 0.364298509138947 0.107001470855628 0.274025725408531 0.0271424498438317 0.0503307545578785 0.0585551738204929 0.0721049404807106 0.397772518136655 0.0439185890991787 0.0371551291992671 0.193380071996922
0.11910733117074 0.0226083429674257 0.0317993927481628 0.0577931082476882 0.46713711103468 0.46713711103468 0.0421638508414638 0.197908518383962 0.36346839782972 0.107001470856791 0.272443224275901 0.0272069796277966 0.0503307545636119 0.054809652983091 0.0721049404899906 0.397329027394745 0.0439187156668548 0.0371560818172197 0.19081970281961
0.115915164182637 0.0186761016233819 0.0279118071713304 0.0577931083441245 0.46709637766537 0.46709637766537 0.0421638510086855 0.195384642652483 0.362638889249368 0.107001470857617 0.270861869749239 0.0272534277943765 0.0503307545677264 0.0510663872139138 0.0721049404966256 0.396885773504071 0.0439188065979716 0.0371567669497251 0.188261206829658
0.112725082248621 0.0153861065706112 0.0267980991408874 0.057793108413248 0.467054101729226 0.467054101729226 0.0421638511288585 0.192862627547739 0.361809979033258 0.107001470858203 0.269281651120488 0.027286867633115 0.0503307545706797 0.0473253489655605 0.0721049405013694 0.396442753881408 0.0439188719264308 0.03715725970544 0.18570456253032
0.1095370605767 0.0148573541224269 0.0278076406888689 0.0577931084627944 0.46700991579303 0.46700991579303 0.0421638512152197 0.190342451762269 0.360981662846951 0.10700147085862 0.267702557833611 0.0273109457510358 0.0503307545727987 0.043586511192836 0.0721049405047611 0.395999965196145 0.0439189188609558 0.0371576141021589 0.183149748795466
0.106351074815946 0.0158936431427847 0.0286340957648908 0.0577931084983085 0.466963364643149 0.466963364643149 0.042163851277283 0.187824094355283 0.360153936372201 0.107001470858916 0.266124579481717 0.027328284831926 0.05033075457432 0.0398498473480127 0.0721049405071862 0.395557402969378 0.043918952580565 0.0371578689895668 0.18059674486115
0.103167101046158 0.0166325301609677 0.0292236763709766 0.0577931085237642 0.466913884132835 0.466913884132835 0.0421638513218843 0.185307534744326 0.359326795282968 0.107001470859126 0.264547705804249 0.0273407719473982 0.0503307545754116 0.0361153315456901 0.0721049405089201 0.395115060958043 0.043918976806062 0.0371580523085955 0.178045530317406
0.0999851157678333 0.0171611047073865 0.0296453764103802 0.0577931085420102 0.466860774848948 0.466860774848948 0.0421638513539368 0.182792752697183 0.358500235203853 0.107001470859275 0.262971926684249 0.027349765299505 0.0503307545761951 0.0323829433462893 0.0721049405101598 0.394672930207568 0.0439189942106163 0.0371581841546257 0.175496085100283
0.0968050958924141 0.0175401125644768 0.0299475598532811 0.0577931085550887 0.466803169288042 0.466803169288042 0.042163851376971 0.180279728324004 0.357674251637402 0.107001470859381 0.261397232145667 0.0273562426578939 0.0503307545767572 0.0286528153815712 0.0721049405110461 0.394230997592609 0.0439190067147367 0.0371582789804914 0.172948389484087
0.0936270187328203 0.0178123275387042 0.0301643863964126 0.0577931085644633 0.466739990879498 0.466739990879498 0.0421638513935245 0.17776844206965 0.356848839836244 0.107001470859456 0.259823612350754 0.0273609080311867 0.0503307545771608 0.0249304738172391 0.0721049405116799 0.393789243566173 0.043919015698192 0.0371583471808648 0.17040242407385
0.0904508619942474 0.0180080729797218 0.0303201137804505 0.0577931085711827 0.466669902735314 0.466669902735314 0.0421638514054206 0.175258874706246 0.356023994577119 0.10700147085951 0.258251057597485 0.027364268374234 0.0503307545774507 0.0214443736816049 0.0721049405121332 0.393347638682968 0.0439190221522625 0.0371583962317466 0.167858169798001
0.087276603765221 0.0181489502420587 0.0304320348106967 0.0577931085759988 0.466591243405462 0.466591243405462 0.0421638514139694 0.17275100732594 0.355199709759975 0.107001470859548 0.256679558317047 0.0273666887741558 0.0503307545776581 0.0206668378860535 0.0721049405124567 0.392906138222044 0.0439190267891223 0.0371584315099916 0.165315607901229
0.0841042225089079 0.0182504010394538 0.0305125113688035 0.0577931085794513 0.466501946121326 0.466501946121326 0.042163851420113 0.170244821333865 0.354375977694295 0.107001470859574 0.255109105071326 0.0273684321666877 0.0503307545778076 0.0216833357719892 0.0721049405126886 0.3924646738581 0.0439190301204268 0.0371584568827217 0.162774719937557
0.0809336970546624 0.0183234915058193 0.0305703980393782 0.0577931085819259 0.466399436941491 0.466399436941491 0.0421638514245283 0.167740298441277 0.353552787824621 0.107001470859594 0.25353968855035 0.0273696879262668 0.0503307545779146 0.0224076672959692 0.0721049405128539 0.392023140743606 0.0439190325137678 0.0371584751312341 0.160235487763586
0.0777650065898134 0.0183761663442146 0.0306120462737098 0.0577931085836994 0.466280505761847 0.466280505761847 0.0421638514277011 0.165237420658896 0.352730124447668 0.107001470859607 0.251971299569456 0.0273705924504265 0.0503307545779914 0.022925478754928 0.0721049405129724 0.391581377444534 0.0439190342332391 0.0371584882558849 0.157697893531931
0.0745981306516739 0.0184141366837243 0.030642016696496 0.0577931085849708 0.466141142148109 0.466141142148109 0.0421638514299815 0.162736170290415 0.351907962611065 0.107001470859617 0.250403929065633 0.0273712439821073 0.0503307545780463 0.0232965006827612 0.0721049405130572 0.391139134730813 0.0439190354685759 0.0371584976953656 0.155161919684831
0.0714330491197742 0.0184415118591673 0.0306635864620437 0.0577931085858822 0.465976325138728 0.465976325138728 0.04216385143162 0.160236529926182 0.351086260723775 0.107001470859624 0.248837568091411 0.0273717132838058 0.0503307545780861 0.0235627782628792 0.0721049405131178 0.390696026957105 0.0439190363560906 0.0371585044844072 0.152627548947923
0.0682697422083005 0.0184612506534824 0.0306791117072583 0.0577931085865354 0.465779752154912 0.465779752154912 0.0421638514327976 0.157738482437055 0.350264947202872 0.107001470859628 0.247272207801687 0.0273720513249737 0.0503307545781145 0.0237541045385115 0.0721049405131609 0.390251456201372 0.0439190369937161 0.0371585093672058 0.150094764324192
0.0651081904587481 0.0184754844677177 0.0306902870447203 0.0577931085870034 0.465543486318328 0.465543486318328 0.0421638514336441 0.155242010968419 0.349443896273385 0.107001470859632 0.24570783942021 0.0273722948186546 0.0503307545781349 0.0238916911596921 0.0721049405131922 0.389804493692747 0.043919037451812 0.0371585128790007 0.147563549088071
0.0619483747327645 0.0184857492232832 0.0306983316324353 0.0577931085873388 0.465257492808823 0.465257492808823 0.0421638514342519 0.152747098934348 0.34862288398124 0.107001470859634 0.244144454147271 0.027372470209229 0.0503307545781496 0.0239906916054001 0.0721049405132139 0.389353694125557 0.0439190377809259 0.0371585154047461 0.145033886779695
0.0587902762051921 0.0184931520083955 0.0307041227452766 0.0577931085875794 0.464909021730548 0.464909021730548 0.0421638514346891 0.150253730011913 0.347801508002531 0.107001470859632 0.242582042896214 0.0273725965446516 0.05033075457816 0.0240619579321702 0.0721049405132301 0.388896804222666 0.0439190380173746 0.0371585172213069 0.142505761199306
0.0556338763572934 0.0184984909543881 0.0307082917378906 0.0577931085877519 0.46448177447528 0.46448177447528 0.0421638514350031 0.147761888135523 0.34697904100485 0.107001470859604 0.241020595528023 0.0273726875452525 0.0503307545781676 0.0241132754356187 0.072104940513241 0.38843030408202 0.0439190381872488 0.0371585185278098 0.139979156401756
0.0524791569701587 0.0185023415321912 0.0307112930284579 0.0577931085878755 0.463954757859788 0.463954757859788 0.0421638514352291 0.145271557490855 0.346154161645167 0.107001470859396 0.23946009860283 0.0273727530938724 0.0503307545781728 0.0241502363756486 0.0721049405132485 0.387948682872345 0.043919038309293 0.0371585194674694 0.137454056690921
0.0493261001182854 0.0185051187087017 0.0307134537091429 0.0577931085879636 0.463300676515984 0.463300676515984 0.0421638514353911 0.142782722505847 0.345324459405529 0.107001470857912 0.237900528715292 0.0273728003091961 0.0503307545781766 0.0241768613892845 0.0721049405132462 0.387443289755423 0.0439190383969745 0.0371585201432898 0.134930446612924
0.0461746881633331 0.0185071217331938 0.0307150092348332 0.0577931085880214 0.462483622593362 0.462483622593362 0.0421638514355076 0.140295367824555 0.344485519604065 0.107001470847329 0.23634183257708 0.0273728343188703 0.0503307545781785 0.0241960430673013 0.0721049405131642 0.386900499308686 0.0439190384599684 0.0371585206293512 0.132408310941472
0.0430249037480351 0.0185085664169302 0.0307161291024949 0.0577931085879863 0.461455660593256 0.461455660593256 0.0421638514355891 0.137809478182383 0.34362922478636 0.107001470771886 0.234783867013165 0.0273728588163858 0.0503307545781633 0.0242098634258767 0.072104940512223 0.38629875582568 0.0439190385052219 0.0371585209789349 0.129887634614353
0.0398767297902751 0.0185096084032348 0.0307169353313142 0.0577931085869049 0.460151608278914 0.460151608278914 0.0421638514356028 0.135325037704803 0.34274058226328 0.10700147023412 0.233226216742959 0.0273728764621974 0.0503307545778891 0.0242198215589553 0.0721049405019192 0.38560374800889 0.0439190385376667 0.0371585212303491 0.127368402364037
0.0367301494773145 0.0185103599451144 0.0307175157633968 0.0577931085715619 0.458480739734239 0.458480739734239 0.0421638514347606 0.132842025769943 0.341791747636177 0.107001466400833 0.231667636539239 0.0273728891726407 0.0503307545734979 0.0242269971090186 0.0721049403894123 0.384760376333072 0.0439190385597461 0.0371585214108976 0.12485059639341
0.033585146260153 0.0185109020031049 0.0307179336363499 0.0577931083595909 0.456312954442565 0.456312954442565 0.0421638514178161 0.130360391961309 0.340730615042667 0.107001439076527 0.230104329290747 0.0273728983275817 0.0503307545034569 0.0242321677680337 0.0721049391611833 0.38367898956572 0.0439190385530011 0.0371585215347788 0.122334181279637
0.0304417038475805 0.0185112929683953 0.0307182344440501 0.0577931054351353 0.453454340412213 0.453454340412213 0.0421638510923643 0.127879901049863 0.339458554601156 0.107001244303884 0.228524583654675 0.0273729049063363 0.0503307533865557 0.0242358937909136 0.0721049257528397 0.382210775835422 0.0439190381326559 0.0371585214933655 0.119819003510536
0.0272998061857261 0.0185115749117164 0.0307184500807423 0.0577930650906898 0.449600717576797 0.449600717576797 0.0421638448520596 0.12539915243155 0.337785337905272 0.106999855904334 0.226891899544703 0.027372909176998 0.0503307355761526 0.0242385786162506 0.0721047793762731 0.380100933087073 0.0439190301945213 0.0371585186116841 0.117304106982326
0.024159436905453 0.0185117762204248 0.0307185806987377 0.0577925085141047 0.444240449904831 0.444240449904831 0.04216372520608 0.122909237691833 0.335331882716603 0.106989957713989 0.225091060985507 0.0273728982482235 0.0503304515654056 0.0242405056618168 0.0721031813702732 0.376891109303559 0.0439188841520386 0.037158454219742 0.114782956087711
0.021020556469117 0.0185118301454196 0.0307180200586302 0.0577848292081138 0.4364224843405 0.4364224843405 0.0421614311220499 0.120351713512283 0.331296128988951 0.10691932785064 0.22275038539119 0.027372471345357 0.0503259222631096 0.0242416328202485 0.0720857312138387 0.371687393371891 0.0439161998874781 0.0371570460676584 0.112209236893471
0.0178819782998412 0.0185077990798822 0.0307002051699191 0.057678685979253 0.424082382703297 0.424082382703297 0.04211740579838 0.117330355681656 0.323771873909923 0.106412068877214 0.218607183668702 0.0273596220341688 0.0502535961572756 0.0242335830401539 0.0718946273567378 0.362485215514115 0.0438668174256174 0.037126253133358 0.109243482648815
0.0146739437379855 0.0183221981997671 0.0302186960053855 0.0561740501145967 0.401292403204441 0.401292403204441 0.0412578667048512 0.110915486724889 0.306934576218201 0.10258741152985 0.20763070695741 0.0269710159460194 0.0490737594983884 0.0239247624252755 0.0697325640052706 0.343384787162964 0.0429417622907394 0.0364428817285576 0.103181980859191
0 0 0 0 0.330800155662818 0.330800155662818 0 0.0517497583841153 0.240316439231744 0.0446947744134311 0.14502296702865 0 0 0 0.0130509489873063 0.275272120229288 0 0 0.0442877428594395
