0 0 0 0 0 0 0 0 0 0 0 0 0 0 0 0 0 0 0
0 0 0 0 0 0 0 0 0 0 0 0 0 0 0 0 0 0 0
0 0 0 0 0 0 0 0 0 0 0 0 0 0 0 0 0 0 0
0 0 0 0 0 0 0 0 0 0 0 0 0 0 0 0 0 0 0
0 0 0 0 0 0 0 0 0 0 0 0 0 0 0 0 0 0 0
0 0 0 0 0 0 0 0 0 0 0 0 0 0 0 0 0 0 0
0 0 0 0 0 0 0 0 0 0 0 0 0 0 0 0 0 0 0
0 0 0 0 0 0 0 0 0 0 0 0 0 0 0 0 0 0 0
0 0 0 0 0 0 0 0 0 0 0 0 0 0 0 0 0 0 0
0 0 0 0 0 0 0 0 0 0 0 0 0 0 0 0 0 0 0
0 0 0 0 0 0 0 0 0 0 0 0 0 0 0 0 0 0 0
0 0 0 0 0 0 0 0 0 6.5882564571049e-05 0 0 0 0 0 0 0 0 0
0 0 0 0 0 0 0 0 0 0.000245648225025629 0 0 0 0 0 0 0 0 0
0 0 0 0 0 0 0 0 0 0.000716871069726283 0 0 0 0 0 0 0 0 0
0 0 0 0 0 0 0 0 0 0.00188575694428441 0 0 0 0 0 0 0 0 0
0 0 0 0 0 0 0 0 0 0.00465519553305974 0 0 0 0 0 0 0 0 0
0 0 0 0 0 0 0 0 0 0.0109401419031341 0 0 0 0 0 0 0 0 0
0 0 0 0 0 0 0 0 0 0.024623184369749 0 0 0 0 0 0 0 0 0
0 0 0 0 0 0 0 0 0 0.0532365466378522 0 0 0 0 0.0783380086987243 0 0 0 0
0 0 0 0 0 0 0 0 0 0.110772088468464 0 0 0 0 0.213613669992181 0 0 0 0
0 0 0 0.25774951393988 0 0 0 0 0 0.222132193241938 0 0 0.412010136402065 0 0.444523876539039 0 0 0 0
0 0 0 0.650041777237488 0 0 0 0 0 0.429802098298883 0 0 0.978909359795328 0 0.824343344253527 0 0 0 0
0 0 0 1.26949493714987 0 0 0.803692152948286 0 0 0.803290500102043 0 0 1.83665179057609 0 1.42838149589176 0 0.570631856698084 0 0
0 0 0 2.21082332618075 0 0 1.87318300757173 0 0 1.45168294773236 0 0 3.06367543296307 0 2.35970139893872 0 1.38231504801384 0.902639921567803 0
0 0 1.22629182534848 3.59789974213371 0 0 3.39017310970258 0 0 2.53922441510445 0 1.34709104541066 4.75062584024338 1.24191184877049 3.75447302232271 0 2.61235677176835 2.14608029213392 0
1.8019531949751 1.9639872639551 2.93124483185218 5.58989748638618 0 0 5.47851223273802 1.70370664423387 0 4.30317565011289 0 3.12674982448209 6.99544141076762 2.89075395861295 5.78644656327201 0 4.42200383091673 3.95491837909634 0
4.1841497320562 4.47831240270748 5.39899416175727 8.38673860135592 0 0 8.2782962437321 3.85106722645762 0 7.07232663913928 0 5.647902030923 9.89944663984233 5.29927929365275 8.66987707569265 0 7.02753953658006 6.53840477896969 2.56708911851913
7.57314967007039 7.9336574787566 8.94895802481178 12.2342093405497 0 0 11.9517625126996 7.03885947624865 0 11.2836497134882 0 9.17713491873069 13.5633384657912 8.75607737199362 12.6603196512703 0 10.7198872809529 10.170821328483 5.8787484025963
12.3860567192758 12.6719874276045 14.0219699477401 17.4287201684332 0 0 16.6862132701979 11.6499155533875 0 17.4938788764201 0 14.0642928951542 18.0837040976477 13.6622188107165 18.0529731053817 0 15.8872088287459 15.2191258666487 10.5082165464661
17.5255662450864 17.542243146156 19.4626989607503 22.6058618277867 4.71439147165942 4.71439147165942 21.1432516405521 16.6294639897196 4.66710523121231 24.2312255336147 4.88305352006597 19.1202802349294 22.0625884707347 18.8750575331291 23.4188674501641 0 21.2765763447844 20.4530469296774 15.4348151545612
20.9906528115207 20.5946889473636 23.159772038072 25.6075087305212 7.2686468613091 7.2686468613091 23.3616298833437 20.0277069011421 7.01156945659378 28.8524262099723 7.47127402765311 22.3202990181011 23.6098903116038 22.3470959768205 26.5185420362288 3.56220926659508 24.7353679182769 23.7761914250331 18.7523354389361
23.2387886783827 22.3179080609459 25.5566933945333 26.9135647985935 8.98979994447423 8.98979994447423 23.9125476293835 22.297883417447 8.51145728074483 31.6854362083127 9.01194317504518 24.1409498916237 23.3813521000378 24.5348744520991 27.8146126496407 5.31676536250081 26.7141516027666 25.6531717461141 20.9237034161779
24.5950934675935 23.0658627688126 26.9726231624201 26.9096945448417 10.1421868522062 10.1421868522062 23.2532880762005 23.7580941708354 9.41889193930365 32.9887574396617 9.85706057626856 24.9316633040186 21.9236481327304 25.7665677592275 27.6931318414929 6.38544160534425 27.5504494213897 26.4296532136476 22.2726409843633
25.2900142783711 23.0969456515562 27.637041368968 25.9149175081561 10.8944350928648 10.8944350928648 21.7540660937071 24.6311527865863 9.9036046790977 32.9852791103805 10.2193665502523 24.950520792884 19.6898685174871 26.2779477145738 26.4885260285806 7.00276281344078 27.5013369679996 26.366006884779 23.0267057283606
25.4857424267017 22.6006561240783 27.7153986493074 24.1994964645064 11.3683902563172 11.3683902563172 19.7155003665971 25.0708215935371 10.0909100150952 31.8857144410445 10.2481543535301 24.3900076213113 17.047631162163 26.2384779798768 24.497648577772 7.30822074391689 26.7672311647632 25.6618580403541 23.3440264219004
25.2960557335955 21.7172816782962 27.3283846511123 21.9956176575278 11.6512348767819 11.6512348767819 17.3800199385197 25.1814702471329 10.0722744008516 29.9022153945411 10.0499691062359 23.3960698358058 14.2841341751379 25.7709132930025 21.9857021070714 7.3981591595237 25.5090798081662 24.4740220343498 23.3330229261339
24.8013258243158 20.5525507940951 26.5663364881606 19.5029305412412 11.8031655063865 11.8031655063865 14.9394999465303 25.0330816628119 9.91240226670215 27.2529464444499 9.69987427155733 22.082129864222 11.6111297472772 24.9659986952747 19.1866543465936 7.34044741043314 23.8604489602662 22.9293681344705 23.067439422246
24.0597112463228 19.1883324221414 25.4998397044235 16.8907303053904 11.8642959942707 11.8642959942707 12.5408036006062 24.672545187107 9.65583527621355 24.158992463483 9.2500430946015 20.5391360654925 9.17154668288884 23.8933068235145 16.3006353112391 7.18236181860655 21.9356095595907 21.1337099968904 22.5976655730157
23.1153121965302 17.6901767410216 24.1873023762577 14.2983267302983 11.8605997016206 11.8605997016206 10.2904358378017 24.1319676957063 9.33275218476862 20.8356991474729 8.73657142350209 18.8424686479668 7.04836293199206 22.6089972918334 13.4905387801533 6.95642642404012 19.8344998970545 19.1775829771133 21.9590555693856
22.0039174138037 16.1123646271803 22.6801039722756 11.8348834045774 11.8085868085424 11.8085868085424 8.25910374078476 23.4346320059831 8.9635936874525 17.4811117511975 8.18463763894727 17.0563847428264 5.27543283966852 21.161123414747 10.8796065179465 6.68493089075309 17.6453169560864 17.1396326518667 21.177861655716
20.7568589425505 14.501047554706 21.0258032315307 9.57970219381697 11.718720421756 11.718720421756 6.48661008268324 22.5991313945999 8.56246442927997 14.2643581438954 7.61219278033619 15.23659552383 3.84938873536568 19.5930003558049 8.55117017599086 6.38328271954023 15.4454202224812 15.0882571776649 20.2753120902422
19.4033973661521 12.8959875212311 19.2698162333345 7.58357257590466 11.5977665314842 11.5977665314842 4.98718861526001 21.6421092428318 8.13947700405102 11.3165047781858 7.03245917120737 13.4315012643188 2.74149119289733 17.945070232011 6.55104400616019 6.06236574723317 13.3011790871032 13.0820857481502 19.2702726771876
17.9719872049041 11.3313389264333 17.4559315758665 5.87143502294466 11.4503302334243 11.4503302334243 3.75514316261541 20.5799444735447 7.70227767160176 8.72564162919591 6.45553736641105 11.6825497681987 1.90836184468583 16.2556434801419 4.89241410955789 5.73012044428397 11.2673317416097 11.1698129634507 18.1808463854215
16.4907160381266 9.83584648075 15.6259999445894 4.44626860333128 11.2798128957481 11.2798128957481 2.77049542372246 19.4296513102237 7.25698670518687 6.53690354926676 5.88938914824156 10.0241190982542 1.3008109306001 14.5608522174375 3.56256654369027 5.3925587517452 9.38633383794845 9.38983035522886 17.0251936146698
14.9871666583017 8.43276296907218 13.8191086049927 3.29385230882542 11.0889786830445 11.0889786830445 2.00428570347647 18.2092056844994 6.80874508223902 4.75706540243702 5.34041002118603 8.48325185599209 0.870357112397009 12.8941120963072 2.53051177316727 5.0543925361015 7.68805637911628 7.76999749677332 15.8217975332728
13.4879143786414 7.13971823091361 12.0705193111459 2.3879000782027 10.8802693030394 10.8802693030394 1.42319822135022 16.9374676149287 6.36201093369159 3.36250382649031 4.81374852035493 7.07948567465897 0.573421466791411 11.2853483866647 1.75451713874192 4.71941158510862 6.19005295523177 6.32778083092918 14.5893528386041
12.0178377217919 5.96869843075624 10.4106065954678 1.69504053875805 10.65596355704 10.65596355704 0.993275507324461 15.6338357581027 5.9207061689321 2.30886430099222 4.31348121564502 5.82493760570802 0.373480331226455 9.76019675772763 1.18871758072451 4.39070701217437 4.89847280723651 5.0708695985718 13.3464195981693
10.599387766902 4.9262264167555 8.86398204080924 1.17918864063576 10.4182459394694 10.4182459394694 0.682613304687837 14.3177441037895 5.48827993948104 1.54075044989682 3.84271445844464 4.72471581082134 0.241641694482814 8.33933929400333 0.788263450551315 4.07080389809196 3.80956717093739 3.99826873596764 12.1109539586458
9.25192847639002 4.01377396926585 7.44893171292446 0.805003058559528 10.1692253919842 10.1692253919842 0.463056089358199 13.0080891265169 5.06773103200514 1.00008687678853 3.40365626594382 3.7776580749973 0.156164844185868 7.0380837000564 0.512793808442848 3.76174356383299 2.91163836940313 3.10178097411287 10.8998024568719
7.99122756576981 3.22838871347318 6.17723329628804 0.540297439310804 9.91092950438872 9.91092950438872 0.311017883899345 11.722657006064 4.66161432270933 0.632344235162874 2.99768256838237 2.97733951544363 0.101399139783432 5.86624184046395 0.328315455230767 3.46513976905249 2.18722435429371 2.36773325741142 9.72822506229473
6.82914591668248 2.56348476507926 5.05436230409691 0.357435203811113 9.64528903265541 9.64528903265541 0.20761849797203 10.4776038043368 4.27204522274231 0.390384269262774 2.62540940141703 2.31325529208423 0.0665147150924828 4.82831661114793 0.207771205717568 3.18222261408709 1.61529792359968 1.77877901549428 8.60949311785372
5.77354456639012 2.00972741294951 4.08004833301826 0.233858284987237 9.37412095480768 9.37412095480768 0.138348512034023 9.28702624663036 3.9007089476377 0.236145711314523 2.28677474636962 1.77206880720735 0.0442749147577493 3.92396716601173 0.130678384042423 2.91387736306504 1.17328400890653 1.31561505020042 7.55459164825493
4.82840337995555 1.55593719715676 3.24910668800134 0.151967151813676 9.0991141816668 9.0991141816668 0.0924636881925896 8.1626468679123 3.54887715454978 0.140675291667477 1.98112917811754 1.33881951652964 0.0299870196791928 3.14869424198449 0.0822218706897818 2.66068150955525 0.838748976331854 0.958482591161366 6.57204098031831
3.99412581344775 1.18994507787712 2.55244987912551 0.098584667400581 8.821819604295 8.821819604295 0.0622730345023916 7.11362484244941 3.21743205481654 0.0831041824696679 1.70733218633036 0.998002525206263 0.0206808693890428 2.49467087409197 0.0521244143192246 2.42294122861884 0.590679064718399 0.688366669846384 5.667840335536
3.26799043908105 0.899344591548866 1.9781774724192 0.0642119172413257 8.54364478948375 8.54364478948375 0.042437694622058 6.14649302429354 2.90689685550179 0.0491198651028362 1.46385019455605 0.734458897860389 0.0145089228640359 1.95163885459807 0.0335242955581114 2.20072724601649 0.410327761609714 0.487856317904399 4.84552612556085
2.6447022995331 0.672105264897882 1.51264967778595 0.0422367326299515 8.26585292472504 8.26585292472504 0.0293513238673769 5.26521281455281 2.61747085619113 0.0293492668626362 1.24885234791406 0.534045296143096 0.0103324930692266 1.50779627931247 0.0219956509753171 1.99390967247212 0.281663991425487 0.341671758219416 4.10633019132135
2.11699530424613 0.497030699633112 1.14146664827226 0.028201125499745 7.9895653006366 7.9895653006366 0.0206339463395337 4.47133161837906 2.34906742529009 0.0179110670902121 1.06030068292672 0.384079259004419 0.00744983106688632 1.1506139493524 0.0147684567059253 1.80219122028727 0.191488646922052 0.23689804719927 3.44941817600417
1.67623991690322 0.364061944758617 0.850297832913 0.0191841149354544 7.71576653295231 7.71576653295231 0.0147436936691123 3.76422294489257 2.10135320982285 0.0112558959728482 0.896032069569334 0.273578704291749 0.00542444334119406 0.867535326630079 0.0101511607836883 1.62513826944606 0.129304773765649 0.162985009151528 2.8721855005769
1.31301712059157 0.264440256404063 0.625529951279311 0.0133180994270488 7.44531176251062 7.44531176251062 0.0106942737248727 3.14138660316303 1.87378717350087 0.00731361270547327 0.753830155466269 0.193329267255507 0.00398005211263782 0.64653326529831 0.00712874406890246 1.46220937866507 0.0870286555806714 0.111581049454622 2.37058779264653
1.01762873483643 0.190752280121963 0.454724878197614 0.00943191367993756 7.17893516619213 7.17893516619213 0.00785848717498381 2.59878580167383 1.66565833705751 0.00490973244794156 0.631486340179693 0.135820653943395 0.00293771341731174 0.476514351544491 0.00509737069198358 1.31278098618041 0.0586193263157599 0.0762658210937293 1.93948378051495
0.780524255314039 0.136885086129612 0.326897503273994 0.0068006097958173 6.9172592270114 6.9172592270114 0.00583681375236362 2.13119900456837 1.47612137110184 0.00339022080340929 0.526849504142498 0.0950942056100211 0.00217856972880783 0.347576529487083 0.00369710687631816 1.17617018549182 0.0396875781674212 0.0522370628692524 1.57297120806082
0.592634305017725 0.0979189676735159 0.232637097758821 0.00497777369253584 6.66080432680583 6.66080432680583 0.00437236309831513 1.73256679136793 1.30422944327656 0.00239323611054745 0.437864783570338 0.066539982930465 0.00162174867021273 0.251136684913272 0.00271052127430795 1.05165457930906 0.0271268540963539 0.0359936837699033 1.26469982019757
0.44560959390387 0.0699834581208024 0.164103541031586 0.00368747527086606 6.40999832967379 6.40999832967379 0.00329726012296052 1.39631731634975 1.14896393860565 0.0017168701029609 0.362602112048576 0.0466747711305821 0.00121106454110468 0.179951652255728 0.00200312274035113 0.938489306438047 0.0187909278565647 0.0250432848942687 1.00814948166022
0.331971361692479 0.0500977304918721 0.114932416821648 0.00275692526150427 6.16518591404267 6.16518591404267 0.00249947267706567 1.11565786673076 1.00926085195101 0.00124562096874767 0.299275547169837 0.0329242396882486 0.000906822003145813 0.128058963972154 0.00148913132530149 0.835921402124607 0.0132290405530772 0.0176498787451801 0.796865626904585
0.245184320631656 0.0360114349027002 0.0800815196103628 0.00207560295884513 5.92663748510252 5.92663748510252 0.00190248878257174 0.883824095180346 0.884033795840852 0.000910809321342161 0.246254580415898 0.0234244608001241 0.000680611053724227 0.0906632587287135 0.00111200403695777 0.743201695682212 0.00947898870193425 0.0126277464991145 0.624648160608
0.179666098810763 0.0260569264145023 0.0556470053055416 0.00157090216504592 5.69455755813194 5.69455755813194 0.00145286524197857 0.69428242234376 0.77219367886284 0.000669680063893192 0.202068708438691 0.0168510320169812 0.000511898093372903 0.0639915103604373 0.000833310251973259 0.659594474030429 0.00691241214976266 0.00918052368655712 0.485693380375822
0.130748308284834 0.0190193053854277 0.0386715713837952 0.00119374206549066 5.46909254883448 5.46909254883448 0.00111251961840613 0.540884609421104 0.672665193562026 0.000494399616089046 0.165406543693686 0.0122786370559072 0.00038573044193235 0.0451360790009913 0.000626255337977284 0.584385150183509 0.00512351667869524 0.00678050638407016 0.374691306517624
0.0946039707417136 0.014027048647597 0.0269607746349736 0.000910039267096069 5.25033794115331 5.25033794115331 0.000853864422261734 0.417976409964952 0.584400312590996 0.000366159523702407 0.135110681388909 0.00907011775762232 0.000291155141155383 0.0318998675808326 0.000471788554532293 0.516886175324612 0.00385176984280294 0.00508128288009341 0.286882894211564
0.0681545434718429 0.0104633529017681 0.0189177216754518 0.000695575557886787 5.03834482825964 5.03834482825964 0.00065665452287189 0.32046442589154 0.506389031880651 0.000271893134820456 0.110169435975926 0.00679186436404325 0.000220110612295258 0.0226532581188173 0.00035617022671048 0.456441425038252 0.0029298390975035 0.0038564696187219 0.218082963296112
0.0489676232133758 0.00789658637310223 0.0134014199034808 0.000532827395405269 4.83312584028796 4.83312584028796 0.000505885209822271 0.243846791824228 0.437667623487458 0.000202347995575211 0.0897064297345238 0.00515126416449611 0.000166639546716528 0.0162084546444746 0.000269389078462675 0.402429276998016 0.00224947382898587 0.00295795449835435 0.164675363999335
0.0351539453079807 0.00602730194544616 0.00961029230360637 0.000408941044602441 4.63466048461589 4.63466048461589 0.000390351667995755 0.184214133163429 0.377324671839162 0.000150888532559392 0.0729688717467601 0.0039517387003425 0.000126324402980844 0.0117136171056967 0.000204096013822975 0.354264580953183 0.0017396582388808 0.00228813600863219 0.123587000733464
0.0252698465351123 0.00464891548816486 0.00698975347422051 0.000314393117401581 4.44289993222605 4.44289993222605 0.00030163795742302 0.138227471756215 0.324505168035213 0.000112714769204603 0.0593152183185193 0.00306122795749209 9.58794617975727e-05 0.00856680387760263 0.000154865903009292 0.311399703597593 0.00135287475475681 0.00178185119531242 0.0922469838528374
0.0182291402756653 0.00361920770435319 0.00516118255568616 0.000242075440145131 4.25777128820165 4.25777128820165 0.000233393758863632 0.103079503020891 0.278412930142915 8.43332559171625e-05 0.048202763864128 0.00239058670420003 7.28542115071189e-05 0.00634819488109959 0.000117676184359862 0.273324812069004 0.00105657255533912 0.00139480346657796 0.0685365032775286
0.0132264936144752 0.0028401023420595 0.00386889884836254 0.000186652979971691 4.0791813866276 4.0791813866276 0.000180809366637005 0.0764450669208658 0.238311605075828 6.31896207168563e-05 0.0391755801675816 0.00187905606894762 5.54165796385819e-05 0.00476821244139005 8.95333883795034e-05 0.239567541238343 0.000827895764096388 0.00109623404164965 0.0507341454701267
0.00967295316002235 0.00224358058655501 0.00294161354770653 0.000144104125103942 3.90702015043993 3.90702015043993 0.000140230387525223 0.0564258080503353 0.203524491092509 4.74091200530268e-05 0.031853105314333 0.00148464382293345 4.21938214047402e-05 0.00362882975658804 6.82029298805497e-05 0.209692171910097 0.000650415153579755 0.000864302124653791 0.0374604186301572
0.0071432366171689 0.00178202218524785 0.00226507945273105 0.000111386620258804 3.74116355574046 3.74116355574046 0.000108872619149172 0.0414930812863483 0.17343340067328 3.56114529145876e-05 0.0259195834663537 0.00117782656318284 3.21552795882761e-05 0.00279539385991528 5.201216646452e-05 0.183298430036088 0.000512076954652193 0.000683164388831236 0.027624301159007
0.00533374745957898 0.00142166391039056 0.00176311237392996 8.61922094914044e-05 3.58147623890534 3.58147623890534 8.46097093340245e-05 0.0304322040292744 0.147476763031829 2.67776895478475e-05 0.0211144738146278 0.000937452838819763 2.45257026258257e-05 0.00217654823445092 3.97060346999376e-05 0.160020001745837 0.000403888644875676 0.000541108853673743 0.0203737525382844
0.00402991467158793 0.00113820752767991 0.0013846828084751 6.67650099454743e-05 3.42781378192847 3.42781378192847 6.58142017446682e-05 0.0222902558415751 0.12514714361511 2.01548871090643e-05 0.0172238803428036 0.000748079791209843 1.87209575594953e-05 0.00171020695086925 3.03407292269261e-05 0.139522844248043 0.000319053843603201 0.000429340653115136 0.0150513665917086
0.00308133563252105 0.000913883889378582 0.0010952892364588 5.17662625468645e-05 3.28002470994215 3.28002470994215 5.12380433007642e-05 0.0163288311209696 0.105988337035142 1.51930747490681e-05 0.0140730032721386 0.000598232081292756 1.43002212776001e-05 0.00135392753164326 2.32050905197955e-05 0.121503360503859 0.000252385461810918 0.000341172868754919 0.0111557274097033
0.00238323673623777 0.000735489539535691 0.000871276854283928 4.01731324953709e-05 3.13795223111817 3.13795223111817 3.99224243936316e-05 0.0119824871626907 0.0895921682833363 1.15481022969027e-05 0.011519575177932 0.000479250164268848 1.09303358190628e-05 0.00107840257196703 1.77622755142428e-05 0.105686493332914 0.000199895664412422 0.000271472524134966 0.00830855192889391
0.00186290280368056 0.000593066446041074 0.00069613779855261 3.12026904803095e-05 3.00143574736571 3.00143574736571 3.11295378492154e-05 0.00882310929149463 0.0755951176406852 9.46576475712363e-06 0.00944821930799682 0.000384515083353321 8.35919031867726e-06 0.000863113715927888 1.36063466136679e-05 0.0918237851271817 0.000158501792615579 0.000216270888924246 0.006227363165634
0.00146991378833912 0.000479004839084926 0.000558118574254382 2.42546163230644e-05 2.8703121619858 2.8703121619858 2.42907832585163e-05 0.00653003183700287 0.0636748661330326 8.67851852329644e-06 0.00776565156589132 0.000308915438249217 6.39606745682817e-06 0.000693455382658306 1.04298797997926e-05 0.0796914406702005 0.000125810910769896 0.000172482556223757 0.00470321727734228
0.00116923024841847 0.000387424356571567 0.000448675765732378 1.88678775485621e-05 2.74441700596831 2.74441700596831 1.89673460890561e-05 0.004865494675138 0.0535468400961818 7.94597828161245e-06 0.00639663864178877 0.00024847220518679 4.90189889663746e-06 0.000558840376025434 7.99977864893084e-06 0.0690884215538005 9.99593158092352e-05 0.00013769868208477 0.00358288486614135
0.000936364951630267 0.000313739474737549 0.000361475514639845 1.46878963461113e-05 2.62358540543884 2.62358540543884 1.48201356542018e-05 0.00365486189326068 0.0449608195810138 7.20439822968123e-06 0.00528062334829906 0.000200068612425315 3.88387608956094e-06 0.000451452497366797 6.13966233612217e-06 0.0598345962480475 7.94915541885202e-05 0.000110032351539536 0.00275484132339831
0.000754051926464624 0.00025434827074494 0.000291738708634272 1.14415998832907e-05 2.50765290843719 2.50765290843719 1.15868059424769e-05 0.00277095809096012 0.0376976600850606 6.48060830954069e-06 0.00436892932449742 0.000161251550008732 3.38742486439291e-06 0.000365420986981061 4.72249849281479e-06 0.0517689626760944 6.3268383696583e-05 8.80014674110961e-05 0.0021384293084392
0.00060997120850886 0.000206405108912004 0.000235805457815351 8.91841928177682e-06 2.39645618743378 2.39645618743378 9.06415643941405e-06 0.00212186929650504 0.0315661650134361 5.79667140612188e-06 0.00362246232360987 0.00013008297011011 3.05685443339872e-06 0.000296268376081418 3.73686283489227e-06 0.0447479555975962 5.0396285991897e-05 7.04392279974637e-05 0.00167560169204253
0.000495205904691112 0.000167651581573861 0.0001908392286552 6.95578953929202e-06 2.28983363187752 2.28983363187752 7.09462908016652e-06 0.00164158938500315 0.0264001355397324 5.16435565436235e-06 0.00300983207974705 0.000105027096970663 2.74677806400005e-06 0.000240535405806757 3.20815662970768e-06 0.0386438469905762 4.0173207679153e-05 5.64252149800682e-05 0.0013247194557162
0.000403200425385503 0.000136288902462267 0.000154621046901891 5.42807208783781e-06 2.18762584749817 2.18762584749817 5.55593956170605e-06 0.0012829535563318 0.0220556174466641 4.58819249013621e-06 0.00250582759250102 8.48639492882941e-05 2.45557547509056e-06 0.000195521363138437 2.90280197648482e-06 0.0333432468917409 3.2046664589045e-05 4.52321167002326e-05 0.00105595496915962
0.000329057067275691 0.000110880112130695 0.000125402506132857 4.23806070628472e-06 2.08967606847945 2.08967606847945 4.35308570522512e-06 0.00101237238049067 0.0184083521645825 4.06830793549111e-06 0.00209018432874139 6.8622324078283e-05 2.18708971660427e-06 0.000159100100644698 2.61704956669137e-06 0.0287457034669069 2.55812146979726e-05 3.62842749841307e-05 0.00084792590525022
0.000269059711729046 9.02745425234178e-05 0.000101798462076268 3.3104761556712e-06 1.99583049792694 1.99583049792694 3.41219770253964e-06 0.000805958822159016 0.0153514386690533 3.60233353980545e-06 0.00174659307647971 5.55276713225461e-05 1.94281979913894e-06 0.00012958697948247 2.34548107189894e-06 0.0247624061198693 2.04332050619619e-05 2.91254148950813e-05 0.000685258239469725
0.000220348714237543 7.35489275273861e-05 8.27069965175094e-05 2.58697229551433e-06 1.90593858503418 1.90593858503418 2.67579061606218e-06 0.000646713723425047 0.012793204429588 3.18660807430574e-06 0.00146190582704725 4.49612978885925e-05 1.72259504838556e-06 0.000105640539604541 2.09272586985541e-06 0.021314989533748 1.63310903036726e-05 2.33934170809636e-05 0.000556839174689887
0.000180696197662856 5.99611347920192e-05 6.72486259920788e-05 2.02234430243936e-06 1.81985324495995 1.81985324495995 2.09909251012172e-06 0.000522502609805419 0.0106552791776656 2.816907050228e-06 0.00122550095154172 3.64282721382164e-05 1.52529261100871e-06 8.61884042589132e-05 1.86128754156123e-06 0.0183344345549655 1.30600438535812e-05 1.8800524745711e-05 0.000454575015885002
0.000148348427329519 4.89136991467396e-05 5.47195715213326e-05 1.5823197915196e-06 1.73743103041024 1.73743103041024 1.64720895387432e-06 0.000424615757921036 0.00887086429595351 2.48887662912028e-06 0.00102877727847995 2.95321411399296e-05 1.34930048029141e-06 7.03706650611557e-05 1.65172467602802e-06 0.0157600634577734 1.04499249157118e-05 1.51178109143529e-05 0.000372514247781183
0.000121913111096474 3.99249082814129e-05 4.45554059110717e-05 1.25253214835161e-06 1.65853225901803 1.65853225901803 1.29296515242429e-06 0.000346751798021941 0.00738318638974393 2.19827770709762e-06 0.000864751061077238 2.39549211234436e-05 1.19279861384995e-06 5.74960187819696e-05 1.46341589329205e-06 0.0135386237674204 8.36583450157328e-06 1.21629411950401e-05 0.000306231258903646
0.000100277762089656 3.26060295668742e-05 3.63027955575136e-05 1.0476100233709e-06 1.58302111235066 1.58302111235066 1.01608098600114e-06 0.000284306183708505 0.00614412781078472 1.94113143693276e-06 0.000727737236779264 1.94413742032271e-05 1.05393521568775e-06 4.70077552110635e-05 1.29510553043242e-06 0.0116234619250059 6.7007527186157e-06 9.79060048539553e-06 0.000252395341905615
8.25485894554138e-05 2.66429170533863e-05 2.95969784203971e-05 9.40924192769065e-07 1.51076569617895 1.51076569617895 8.22104284009632e-07 0.000233874073945456 0.00511301362215639 1.71377084940297e-06 0.000613094203235695 1.57863538833159e-05 9.30915726220791e-07 3.8456672475087e-05 1.14523036202309e-06 0.00997377151140048 5.36967293931297e-06 7.88483212976823e-06 0.000208467902183367
6.80043007060211e-05 2.17813457761632e-05 2.41439611486032e-05 8.44547882220486e-07 1.44163807092248 1.44163807092248 7.23400849649932e-07 0.0001929044421722 0.00425554476185037 1.51285577987746e-06 0.000517020403297434 1.28247612546095e-05 8.22051156970249e-07 3.14796553091397e-05 1.01211771196202e-06 0.00855391427549042 4.30499768505657e-06 6.3529978952334e-06 0.000172489642674036
5.60610270971686e-05 1.78154488257358e-05 1.9706564353774e-05 7.54569738352183e-07 1.3755142650353 1.3755142650353 6.48307030413525e-07 0.000159460266239852 0.0035428681694511 1.3353796792602e-06 0.000436393728215366 1.04236545101126e-05 7.2578842305495e-07 2.57828702940567e-05 8.94110620131229e-07 0.00733281398617243 3.45295194807391e-06 5.12105673191701e-06 0.000142930918725689
4.62448775420717e-05 1.45783536415037e-05 1.60932132048425e-05 6.71798944976707e-07 1.31227426621174 1.31227426621174 5.7911582411027e-07 0.000132051088446336 0.00295076642951108 1.1786507614536e-06 0.000368642800388468 8.47588551199801e-06 6.40716012160196e-07 2.11282467281234e-05 7.89631048607774e-07 0.00628341199114416 2.77071985669974e-06 4.12977952605507e-06 0.000118584894955165
3.81700632102636e-05 1.19345449596028e-05 1.31488629233591e-05 5.96588648517874e-07 1.25180198669069 1.25180198669069 5.15533936290319e-07 0.000109514957314547 0.00245895204770158 1.04025423518785e-06 0.000311642490001353 6.8949418904456e-06 5.65553344064746e-07 1.73225016873244e-05 6.97202438710275e-07 0.00538217580419077 2.22415588835901e-06 3.33170664207891e-06 9.84899706050349e-05
3.15231679155523e-05 9.77438190611411e-06 1.07484365544211e-05 5.28856030663123e-07 1.19398525395801 1.19398525395801 4.57802239466151e-07 9.09382473003622e-05 0.00205047523687699 9.18091254963636e-07 0.0002636374852766 5.61123547425111e-06 4.99183043854246e-07 1.42092147508843e-05 6.15509856318978e-07 0.00460868432028869 1.78613028703523e-06 2.68895279838201e-06 8.18763022983788e-05
2.60480588213824e-05 8.00857894854468e-06 8.79040872949892e-06 4.68223470271325e-07 1.13871573771416 1.13871573771416 4.05824640660713e-07 7.5593463445722e-05 0.00171119224792446 8.10272541549526e-07 0.000223170125216393 4.56841664043881e-06 4.40589793294594e-07 1.16610230354678e-05 5.43342286866887e-07 0.00394522810260037 1.4349386361181e-06 2.17106753483092e-06 6.81215624335534e-05
2.15347177338108e-05 6.56425652788887e-06 7.19216710210649e-06 4.14155080916994e-07 1.08588887112295 1.08588887112295 3.59285689708605e-07 6.2895373476965e-05 0.00142931355472063 7.15091609301541e-07 0.000189024523282078 3.72076657664595e-06 3.88852318955205e-07 9.57394869447039e-06 4.79589727532462e-07 0.00337645882638214 1.15319739758252e-06 1.75354153605156e-06 5.67189722655555e-05
1.78110646712471e-05 5.38205621663631e-06 5.88660981070393e-06 3.66059210594546e-07 1.0354037805604 1.0354037805604 3.17767744973891e-07 5.23703772043158e-05 0.00119502637635034 6.31032471604129e-07 0.000160185043861601 3.03128199760815e-06 3.43151485258925e-07 7.86324606346582e-06 4.23257861965247e-07 0.00288908975747559 9.27021853323231e-07 1.41670040321674e-06 4.72545228520112e-05
1.47391563255359e-05 4.41480134954258e-06 4.8204643831565e-06 3.23450164790477e-07 0.987163315623885 0.987163315623885 2.80912751751066e-07 4.36402557101777e-05 0.00100021492291506 5.5692878316661e-07 0.000135818889563506 2.47071799174773e-06 3.02866311574695e-07 6.46142720104533e-06 3.73586287748597e-07 0.00247169038830747 7.4556185549945e-07 1.14510568609948e-06 3.93955631019918e-05
1.22014704858938e-05 3.62223151887194e-06 3.94853240915656e-06 2.85654115970503e-07 0.941073766722853 0.941073766722853 2.48170334504784e-07 3.63871171200561e-05 0.000838099698824769 4.91448976785686e-07 0.000115208430784248 2.01424982107175e-06 2.67258205235515e-07 5.3110596333422e-06 3.29678101810619e-07 0.00211433046596907 5.99721436993184e-07 9.25748658493685e-07 3.28603459935339e-05
1.01066031696825e-05 2.97357695456225e-06 3.23619490832633e-06 2.52293582791763e-07 0.897045034254377 0.897045034254377 2.19242750448492e-07 3.03612442903376e-05 0.000703117590359465 4.3378595825217e-07 9.77773172463642e-05 1.64304305910847e-06 2.35909809264422e-07 4.36798801890326e-06 2.91012869624674e-07 0.00180852823139931 4.82696167546081e-07 7.48850842552297e-07 2.74271834138096e-05
8.37446649290722e-06 2.44167992370217e-06 2.65313825986003e-06 2.22754345509744e-07 0.85499026704125 0.85499026704125 1.93606646294274e-07 2.5346966569755e-05 0.000590608116558777 3.82838330448181e-07 8.30176195179369e-05 1.3405429040957e-06 2.08201764169421e-07 3.59344912933537e-06 2.5683922237597e-07 0.00154690309332511 3.88566911260781e-07 6.05867224076729e-07 2.29033848605819e-05
6.94146392644094e-06 2.00539245419603e-06 2.17572002242763e-06 1.9663340102583e-07 0.81482593897786 0.81482593897786 1.70925093828092e-07 2.11709048575699e-05 0.000496729948039332 3.37845389905505e-07 7.05115592715418e-05 1.09398066565929e-06 1.83732283272703e-07 2.95706414977493e-06 2.26657435535259e-07 0.00132312602516461 3.12854334188731e-07 4.90288206507885e-07 1.91339185255066e-05
5.75568422631622e-06 1.64752894247452e-06 1.7847759710705e-06 1.73560730755489e-07 0.776471736575625 0.776471736575625 1.50882932061537e-07 1.76911297190944e-05 0.00041831188573872 2.98138258681103e-07 5.99106768176099e-05 8.93020981009617e-07 1.62138746024497e-07 2.43414685595447e-06 2.00021031413179e-07 0.00113176547982057 2.51959923079386e-07 3.96869270212867e-07 1.59916531337275e-05
4.77133986532239e-06 1.35293652441243e-06 1.46351578598112e-06 1.53048371650639e-07 0.739850313578778 0.739850313578778 1.33056803927779e-07 1.47832015227462e-05 0.000352682814992314 2.62880431566167e-07 5.09029955342527e-05 7.28618091557443e-07 1.42952944584663e-07 2.00298257104919e-06 1.76359238487791e-07 0.000968084205411606 2.02788240574991e-07 3.21067664673344e-07 1.33646631079857e-05
3.96245424185431e-06 1.11346369193482e-06 1.20268000460307e-06 1.35300035375485e-07 0.704887821115533 0.704887821115533 1.17639956112538e-07 1.23717866967016e-05 0.000297813917453967 2.32321318375811e-07 4.32974551171597e-05 5.95904186115123e-07 1.26365277258572e-07 1.65159877422625e-06 1.55882089498261e-07 0.000828281809330183 1.63657805049823e-07 2.6043049916352e-07 1.1186109201986e-05
3.28578387348007e-06 9.14336347059477e-07 9.86258048949061e-07 1.19186020323473e-07 0.671512506128503 0.671512506128503 1.03624057160474e-07 1.03445127281672e-05 0.000251721198561894 2.04689775874085e-07 3.68055143882279e-05 4.861259901208e-07 1.11302143930254e-07 1.35919612151786e-06 1.37317098856346e-07 0.000708651038744967 1.31643723257978e-07 2.10616928865786e-07 9.35357590189756e-06
2.73167983921067e-06 7.53319751532302e-07 8.11400237430673e-07 1.05436680413474e-07 0.639656386485014 0.639656386485014 9.16817543353763e-08 8.66693370461605e-06 0.000213117757975653 1.81007976330079e-07 3.13330423204498e-05 3.98040203671912e-07 9.84615777994987e-08 1.12198688312151e-06 1.21458153437193e-07 0.000606534373814766 1.06361907920038e-07 1.71050211321232e-07 7.83739969736284e-06
2.27397605317767e-06 6.21343380452691e-07 6.68320012883613e-07 9.33067797346459e-08 0.609253684445388 0.609253684445388 8.11364660923146e-08 7.27120422511752e-06 0.000180730676136811 1.60167311423352e-07 2.6704592112547e-05 3.2623499000249e-07 8.7131020756979e-08 9.2728955988474e-07 1.07479569262114e-07 0.00051935836390425 8.60393034376342e-08 1.39020337813992e-07 6.57575541271199e-06
1.88012578321789e-06 5.08021611099121e-07 5.45821713601184e-07 8.16739565194383e-08 0.580240408676719 0.580240408676719 7.10025587058026e-08 6.06976750978053e-06 0.000153221480446191 1.40321993517601e-07 2.2676602075127e-05 2.64849535828919e-07 7.62559726318075e-08 7.60204207710622e-07 9.410128922231e-08 0.000444482001903128 7.01053943357739e-08 1.1180850096338e-07 5.48847605932983e-06
1.56079308221754e-06 4.17944891379481e-07 4.48411115459424e-07 7.21227200544525e-08 0.552556759556931 0.552556759556931 6.27137650979673e-08 5.07997682340266e-06 0.0001300818364724 1.23829347788929e-07 1.92861623415232e-05 2.16576709313787e-07 6.73439941010527e-08 6.26604393236274e-07 8.3078746230514e-08 0.000380537490682143 6.10224987692522e-08 9.07072677592637e-08 4.59343057243065e-06
1.31102259507873e-06 3.48627540782509e-07 3.73435992526685e-07 6.46419683666535e-08 0.526145473161418 0.526145473161418 5.62301436038328e-08 4.29203744733789e-06 0.00011086858045908 1.10837958760072e-07 1.65206512803127e-05 1.79691330447179e-07 6.03688365636313e-08 5.23349125344023e-07 7.44338324168268e-08 0.000326356595473142 5.5292018881207e-08 7.47117913740339e-08 3.88190169051906e-06
1.08173021095765e-06 2.83846816557065e-07 3.03814492126667e-07 5.61831027424897e-08 0.500948959669094 0.500948959669094 4.88350312102609e-08 3.58071451759288e-06 9.4285794551967e-05 9.65664020766302e-08 1.40280473930881e-05 1.45115286295575e-07 5.24494726865114e-08 4.27596434297791e-07 6.47383911428055e-08 0.000279526673201549 4.84460884558922e-08 5.96749403078008e-08 3.23755867097358e-06
8.90094805540839e-07 2.31009317133699e-07 2.46979150628775e-07 4.89856337198663e-08 0.476914181392536 0.476914181392536 4.25822925814182e-08 2.97681555572538e-06 8.01013304993143e-05 8.41949583149543e-08 1.18707832875893e-05 1.17321163713818e-07 4.57314195899977e-08 3.488810329532e-07 5.64423399404589e-08 0.00023922822690472 4.25188222253969e-08 4.7827394847322e-08 2.69076184900784e-06
7.51478195915941e-07 1.94211649161507e-07 2.07238889179665e-07 4.43240730565575e-08 0.453991463417816 0.453991463417816 3.85664130219545e-08 2.52315915628879e-06 6.84634088747947e-05 7.5942162208162e-08 1.01849350373707e-05 9.82381976505882e-08 4.13980390158213e-08 2.93403151178373e-07 5.10255704461831e-08 0.000205325757491836 3.86890348102007e-08 3.98296930721406e-08 2.28156919308039e-06
6.14845677768566e-07 1.56433999044165e-07 1.6685766408059e-07 3.80335818015844e-08 0.432129419061968 0.432129419061968 3.30510120990346e-08 2.09104287292445e-06 5.81945431327894e-05 6.54219852289072e-08 8.60153100954491e-06 7.83976734460144e-08 3.5501121249928e-08 2.37362461717625e-07 4.38346266341576e-08 0.000175711089505165 3.32670874790357e-08 3.16386686393309e-08 1.88985773439363e-06
5.42368646010105e-07 1.38676943002785e-07 1.47476522664322e-07 3.65019992449221e-08 0.411284947309285 0.411284947309285 3.18035538991477e-08 1.83612455077745e-06 5.03979622063054e-05 6.22560928556872e-08 7.58068597278276e-06 6.95000904583273e-08 3.41143099474995e-08 2.0984473537631e-07 4.19670482144702e-08 0.000151802181686348 3.20842141928665e-08 2.93684614899161e-08 1.66160318929796e-06
4.50956804876903e-07 1.12956880137135e-07 1.20161263520536e-07 3.15389575058709e-08 0.391409130598371 0.391409130598371 2.74096959583904e-08 1.54967912279042e-06 4.33492635000264e-05 5.42058885142524e-08 6.5161155332911e-06 5.59304389098782e-08 2.94403083432046e-08 1.72001271833976e-07 3.63438548120257e-08 0.000130755789571009 2.77030030333999e-08 2.54857069675069e-08 1.40149844648301e-06
4.01667888094311e-07 1.00752077019261e-07 1.0690479424558e-07 3.03538425865441e-08 0.372462132546415 0.372462132546415 2.64418207813187e-08 1.37874700236405e-06 3.80385040252076e-05 5.17950833764892e-08 5.82880738861861e-06 4.98360340665293e-08 2.83656926658515e-08 1.53166336377297e-07 3.49039862429176e-08 0.000113868974458171 2.67526830979449e-08 2.4832530096696e-08 1.24805767343579e-06
3.3612878587281e-07 8.24092232552525e-08 8.74853504366089e-08 2.63482901439198e-08 0.354399564248639 0.354399564248639 2.28917940815795e-08 1.17470526361084e-06 3.315315138382e-05 4.53294132148884e-08 5.07170756145441e-06 4.02474202283365e-08 2.4591428727791e-08 1.26147605112298e-07 3.03708944574048e-08 9.89483176932212e-05 2.31865803224953e-08 2.16034015147035e-08 1.06231261141527e-06
2.25309841381686e-07 5.16775020111378e-08 5.51468018397544e-08 1.72087350741824e-08 0.337176813540752 0.337176813540752 1.48219856281373e-08 8.37554089571811e-07 2.72079355049303e-05 3.0491436379129e-08 3.85762115917474e-06 2.44981883638638e-08 1.59942036953749e-08 8.07711836516826e-08 1.99999646899741e-08 8.33280622633829e-05 1.50347154973485e-08 1.3998779275727e-08 7.53136886235785e-07
2.31817078262327e-07 5.7370674346311e-08 6.05256188998726e-08 2.13885656697399e-08 0.320768151186907 0.320768151186907 1.87176751971822e-08 8.14201613526214e-07 2.43098640255625e-05 3.60122156511565e-08 3.62674116240082e-06 2.81336874940821e-08 2.0031103079067e-08 8.7234513305227e-08 2.4494598374599e-08 7.32994712565608e-05 1.8965469140738e-08 1.78548772154174e-08 7.3651835705983e-07
2.79259452633104e-07 7.03299165606714e-08 7.39738745912384e-08 2.81551035569686e-08 0.30513932926594 0.30513932926594 2.46596109428011e-08 9.46650481225526e-07 2.41307868069814e-05 4.70852865740188e-08 4.04122917952346e-06 3.44427370966756e-08 2.63804722242389e-08 1.0648629593214e-07 3.22024845490803e-08 6.86636254383304e-05 2.49923276557072e-08 2.35783537325393e-08 8.6078597554599e-07
6.9158739711392e-08 8.16153178495228e-09 9.59817880938961e-09 2.15511398129064e-09 0.290225286334743 0.290225286334743 1.35590089566939e-09 3.54756310297079e-07 1.70190248603071e-05 7.01640837193972e-09 2.04377010881518e-06 2.13061925843084e-09 1.74552834098795e-09 1.68565087898244e-08 3.11988665285048e-09 5.36891749482053e-05 1.43109747124531e-09 1.1172611519975e-09 3.11387459372605e-07
1.6749492763235e-08 9.01521097920698e-10 1.19030306360918e-09 1.64961863377531e-10 0.276015729738311 0.276015729738311 7.45538592467903e-11 1.31149815453217e-07 1.19656377853785e-05 1.04554926063249e-09 1.02614530555107e-06 1.19685218761257e-10 1.15497146208704e-10 2.57316096630195e-09 3.02265278888283e-10 4.19157286533449e-05 8.19917170099653e-11 5.32042122863753e-11 1.11070334190954e-07
3.96576753155894e-09 9.45891265970253e-11 1.40844415673442e-10 1.26269075865034e-11 0.262478588584769 0.262478588584769 4.09932770734274e-12 4.78254916858124e-08 8.38635278217319e-06 1.5580239923651e-10 5.11486333457751e-07 6.04896969660055e-12 7.64215090894854e-12 3.78388946376418e-10 2.9284493523395e-11 3.26736033103635e-05 4.69939321469029e-12 2.54257324656282e-12 3.90606201695768e-08
9.17642798769123e-10 9.40513637354346e-12 1.58716911446616e-11 9.66519342850327e-13 0.24958318716933 0.24958318716933 2.25400762717294e-13 1.72013108520812e-08 5.85928483108549e-06 2.32168760988746e-11 2.53103150004955e-07 2.71957342704083e-13 5.05661595206238e-13 5.35423222255126e-11 2.83718187952853e-12 2.54299905416678e-05 2.69424074257898e-13 1.21814922513238e-13 1.35417949033312e-08
2.07436206916795e-10 8.83974646601638e-13 1.69988701254844e-12 7.39816766210053e-14 0.237300186457476 0.237300186457476 1.23936233456142e-14 6.10139446146875e-09 4.08082918115165e-06 3.45966004977458e-12 1.24333826074285e-07 1.07231718203155e-14 3.3458335755416e-14 7.28154191790979e-12 2.74875885632618e-13 1.97616842331845e-05 1.54496700166398e-14 5.84676506645622e-15 4.62764627572404e-09
4.57927937109102e-11 7.83132275404522e-14 1.72645190731158e-13 5.66288627503444e-15 0.225601527772754 0.225601527772754 6.81461502954813e-16 2.13410698482694e-09 2.83323543053665e-06 5.15540834055453e-13 6.06316040486911e-08 3.64247170606786e-16 2.21385260197212e-15 9.50513191204268e-13 2.66309162455648e-14 1.53330919456386e-05 8.86064547935175e-16 2.80993479877975e-16 1.55862086340268e-09
9.86828494606857e-12 6.51894002950464e-15 1.65863125481794e-14 4.33462515856924e-16 0.2144603785784 0.2144603785784 3.74700650702291e-17 7.35996541623552e-10 1.96085499107194e-06 7.68232565878069e-14 2.93505672360014e-08 1.06335232459346e-17 1.46484971648019e-16 1.18932223614295e-13 2.58009429180785e-15 1.18785379946589e-05 5.08226155686365e-17 1.35170776238887e-17 5.17327490802599e-10
2.07511015554715e-12 5.08066935039039e-16 1.50318415628488e-15 3.31791519230871e-17 0.20385108027164 0.20385108027164 2.06028656469567e-18 2.50241719730656e-10 1.35280432901865e-06 1.14478085246141e-14 1.41036388391533e-08 3.13182923288376e-19 9.69253642572309e-18 1.42428539755262e-14 2.49968364442066e-16 9.18804577826236e-06 2.9152872087314e-18 6.50670296965765e-19 1.69193010332029e-10
4.25608945255514e-13 3.69248301614849e-17 1.2811800825432e-16 2.5396802027996e-18 0.193749097876801 0.193749097876801 1.13284595604095e-19 8.38723292183941e-11 9.3035632272288e-07 1.70589383829274e-15 6.72717208532097e-09 9.73664739768942e-21 6.41330380302523e-19 1.62984248412528e-15 2.42177906343614e-17 7.0959355223684e-06 1.67235764762518e-19 3.13363706386939e-20 5.45176059264416e-11
8.5105445607324e-14 2.49100293269484e-18 1.02341106352983e-17 1.94398450822715e-19 0.184130971559325 0.184130971559325 6.22893959381246e-21 2.77078114341159e-11 6.37803059821931e-07 2.54203569340595e-16 3.1850034009469e-09 3.14045642557999e-22 4.24351933592472e-20 1.77901214340914e-16 2.34630244333818e-18 5.47169607912135e-06 9.5938702462248e-21 1.50968734711955e-21 1.7305054026955e-11
1.65836079129211e-14 1.55163509167829e-19 7.63210782979539e-19 1.48801248617128e-20 0.174974269840772 0.174974269840772 3.42497497866689e-22 9.02107957842303e-12 4.35857953294835e-07 3.78801149427097e-17 1.49676104275866e-09 1.03896602750234e-23 2.8078283718558e-21 1.84867506627214e-17 2.27317811344767e-19 4.21269013610516e-06 5.50390130160101e-22 7.27501013921352e-23 5.41045588677389e-12
3.14749016266638e-15 8.86928387553384e-21 5.29019903507462e-20 1.13899117256049e-21 0.166257544438543 0.166257544438543 1.88321846428926e-23 2.89423989297089e-12 2.96908466662609e-07 5.64470086688014e-18 6.98150944069809e-10 3.49879469100662e-25 1.85786832776273e-22 1.82504965725062e-18 2.20233276184995e-20 3.2383348676564e-06 3.15759291623722e-23 3.50637234674344e-24 1.66594586410201e-12
5.8155656361289e-16 4.61866718921875e-22 3.39098206688575e-21 8.71834690988775e-23 0.157960286600603 0.157960286600603 1.03548548659304e-24 9.14904727343724e-13 2.01612548835522e-07 8.41144434940618e-19 3.23213454880523e-10 1.19308832831659e-26 1.22930402727176e-23 1.70770845861588e-19 2.13369536175094e-21 2.48546777910263e-06 1.81153986078782e-24 1.69020130958254e-25 5.05119222395992e-13
1.04551312079419e-16 2.1722034392902e-23 1.99822026574764e-22 6.67341198932535e-24 0.150062884858467 0.150062884858467 5.69360504156774e-26 2.84922523914023e-13 1.36467128036864e-07 1.25343038923881e-19 1.48512019360854e-10 4.10473435640877e-28 8.13399081921131e-25 1.51065188074867e-20 2.06719710016855e-22 1.90466285343946e-06 1.03930769546428e-25 8.14815128688583e-27 1.50789519931755e-13
1.82781860611166e-17 9.1294791763336e-25 1.07502144152099e-23 5.10812752721451e-25 0.142546584054181 0.142546584054181 3.1306222300925e-27 8.74037477432602e-14 9.20772207361877e-08 1.86779781862658e-20 6.77258619593947e-11 1.42117409311689e-29 5.38205400782074e-26 1.25976656689883e-21 2.00277130887428e-23 1.4573072726862e-06 5.96270905944739e-27 3.92833646230767e-28 4.43128085046542e-14
3.10560675654921e-18 3.38406411768405e-26 5.23677478217228e-25 3.90998892118284e-26 0.135393445561258 0.135393445561258 1.72136907577423e-28 2.64074823183853e-14 6.19281571950117e-08 2.78329672020387e-21 3.06518581362703e-11 4.94282432875593e-31 3.56116769659396e-27 9.87209596760253e-23 1.94035339750644e-24 1.11328575693606e-06 3.42093966269494e-28 1.89399613026785e-29 1.2817494160588e-14
5.12507083244388e-19 1.08786974787511e-27 2.28692456637789e-26 2.99288013635783e-27 0.128586308534807 0.128586308534807 9.4649283724741e-30 7.85701132304162e-15 4.15177743142635e-08 4.14752633053629e-22 1.37675552020215e-11 1.72469085040137e-32 2.35633372443822e-28 7.24384610120459e-24 1.87988078878133e-25 8.49149442373959e-07 1.96267719135777e-29 9.1319697936025e-31 3.64859621983686e-15
8.20935703589683e-20 2.96642063444829e-29 8.84830475954771e-28 2.29088412030461e-28 0.122108752103861 0.122108752103861 5.20428017630178e-31 2.30175644485608e-15 2.77452135335001e-08 6.1804314782217e-23 6.13681295387063e-12 6.03194975341142e-34 1.55912585270961e-29 4.95690973852013e-25 1.82129285573287e-26 6.46670448936235e-07 1.12603926225178e-30 4.40312090783534e-32 1.02194737028308e-15
1.2754824392661e-20 6.6798685886783e-31 3.04421934446169e-29 1.75354502076507e-29 0.115945058313234 0.115945058313234 2.86156758835455e-32 6.63849256624294e-16 1.84819729283207e-08 9.20976269065162e-24 2.71458303914122e-12 2.11314797054381e-35 1.03163376205514e-30 3.14866973079477e-26 1.76453086091481e-27 4.9170289776597e-07 6.46039469113348e-32 2.12307090573646e-33 2.81605154982741e-16
1.92078689983135e-21 1.26396127488676e-32 1.05217224313901e-30 1.34224167693115e-30 0.110080175716322 0.110080175716322 1.57342971703611e-33 1.88461429641442e-16 1.22719333664496e-08 1.37239170303542e-24 1.19158646203515e-12 7.4118019157518e-37 6.8260571603618e-32 1.84673309802011e-27 1.70953789750204e-28 3.73286977723173e-07 3.70651009570747e-33 1.02370295089072e-34 7.63289510173354e-17
2.80148430669788e-22 2.39841832294906e-34 3.78156317964543e-32 1.02741172847192e-31 0.104499683389274 0.104499683389274 8.65148560323069e-35 5.26564271508295e-17 8.12232191977966e-09 2.04506788050608e-25 5.19036650518562e-13 2.60191401171071e-38 4.5166277096089e-33 9.93911352826568e-29 1.65625883223086e-29 2.82945428619501e-07 2.12653123947843e-34 4.93613940563058e-36 2.03469723640156e-17
3.95408954523015e-23 4.86551012105113e-36 1.39860999863159e-33 7.86426825028257e-33 0.0991897552506662 0.0991897552506662 4.7570096356101e-36 1.44772918467295e-17 5.35856014652355e-09 3.04745549441097e-26 2.24340781069831e-13 9.13970299088974e-40 2.98853721682064e-34 4.8728144800204e-30 1.60464025011955e-30 2.14132081675926e-07 1.22005291124712e-35 2.38014687884147e-37 5.33328887719011e-18
5.39606704880495e-24 1.03245729285609e-37 5.27682970711677e-35 6.01966216892767e-34 0.0941371244094907 0.0941371244094907 2.61563640444432e-37 3.91615171021581e-18 3.52382938773101e-09 4.54116221714532e-27 9.62152058648655e-14 3.21192627769097e-41 1.97743875979351e-35 2.15723331042204e-31 1.55463040091334e-31 1.61800346488176e-07 6.99980260728633e-37 1.14768358883632e-38 1.37434562033916e-18
7.1134479575073e-25 2.25976021416001e-39 2.01896000538986e-36 4.6077182880243e-35 0.0893290474015357 0.0893290474015357 1.43820473981158e-38 1.04206573131498e-18 2.30982266157789e-09 6.76700753146662e-28 4.09441512805267e-14 1.12911704955542e-42 1.30842073064841e-36 8.53228588898632e-33 1.50617914719956e-32 1.22066144409838e-07 4.01599427848464e-38 5.53403720868341e-40 3.48113384953233e-19
9.04957852327358e-26 5.05403795969494e-41 7.8015932808061e-38 3.52695337886187e-36 0.0847532679765882 0.0847532679765882 7.90795261600853e-40 2.7272141783804e-19 1.50916787490109e-09 1.00838483060869e-28 1.72878082524683e-14 3.97020655556511e-44 8.65748585099637e-38 2.97529811939441e-34 1.45923791414046e-33 9.194507571685e-08 2.30409560683655e-39 2.66847445510275e-41 8.6653334145783e-20
1.10985606287354e-26 1.14770402050582e-42 3.03596999435621e-39 2.69968764602919e-37 0.0803979802640025 0.0803979802640025 4.34817886978274e-41 7.01866996780534e-20 9.82855700308554e-10 1.50264346814318e-29 7.24227433251947e-15 1.39623905831017e-45 5.72843730653497e-39 9.00692187272436e-36 1.41375964077321e-34 6.91478288475978e-08 1.32192857753251e-40 1.28672220398941e-42 2.11935126002405e-20
1.31071486471922e-27 2.63460310005092e-44 1.18739273406119e-40 2.06646150487872e-38 0.0762517909022137 0.0762517909022137 2.39084127167061e-42 1.77591627796248e-20 6.38018696613981e-10 2.23916239496904e-30 3.0101204734637e-15 4.91087304372571e-47 3.79036068206199e-40 2.37942780547978e-37 1.369698732828e-35 5.1921203004671e-08 7.58430077511128e-42 6.20450437602341e-44 5.09195242734749e-21
1.4887824831102e-28 6.0946218921225e-46 4.66071877364744e-42 1.58176193374137e-39 0.0723036799133005 0.0723036799133005 1.31460139028898e-43 4.41713351134231e-21 4.12825599446986e-10 3.33668520666705e-31 1.241233207137e-15 1.72740931415702e-48 2.5079848711625e-41 6.31698716239917e-39 1.32701101701688e-36 3.89247896774965e-08 4.35134129277702e-43 2.99178095864811e-45 1.20153733789221e-21
1.62433325371795e-29 1.41765917916254e-47 1.8341321124362e-43 1.21075123309448e-40 0.0685429598033752 0.0685429598033752 7.22832099340997e-45 1.0797538197192e-21 2.66248718768561e-10 4.97215753239405e-32 5.07773526078731e-16 6.07657561727142e-50 1.65946954435508e-42 1.75832782939874e-40 1.28565369674735e-37 2.91354811355895e-08 2.49649545569646e-44 1.44262275783007e-46 2.78398319956928e-22
1.69994958077969e-30 3.31064759598056e-49 7.23121859588698e-45 9.26763071754861e-42 0.0649592325888903 0.0649592325888903 3.97448418775589e-46 2.59351278250204e-22 1.71156826537773e-10 7.40925469311833e-33 2.06072606334308e-16 2.13767695289279e-51 1.09802862063235e-43 5.055271722734e-42 1.24558530921633e-38 2.17736552708856e-08 1.43231465099426e-45 6.95626263547144e-48 6.33248463251276e-23
1.70396921121282e-31 7.75329843250207e-51 2.85475768830688e-46 7.09385848815732e-43 0.0615423440560981 0.0615423440560981 2.18536567126331e-47 6.11986729156146e-23 1.09669226759203e-10 1.10408921579535e-33 8.2964101968081e-17 7.52037162273987e-53 7.2653749858282e-45 1.48646797539403e-43 1.20676568384135e-39 1.62462154682776e-08 8.21762095173962e-47 3.35427998182483e-49 1.41370385655183e-23
1.63322357951456e-32 1.8194755060511e-52 1.12808452787664e-47 5.42995613277529e-44 0.0582823347629945 0.0582823347629945 1.20162086242503e-48 1.41838235984996e-23 7.00417831679988e-11 1.64525724506163e-34 3.31333944114238e-17 2.64573690481237e-54 4.80731309666358e-46 4.44045002021704e-45 1.16915590198743e-40 1.2102713158148e-08 4.71469700293213e-48 1.61741980565966e-50 3.09681097915751e-24
1.49423782430201e-33 4.2760588086238e-54 4.46079417976804e-49 4.15633095212244e-45 0.0551693867088055 0.0551693867088055 6.60709883044269e-50 3.22810120446155e-24 4.45871125749763e-11 2.45167814675058e-35 1.31260252666601e-17 9.30810561361102e-56 3.18087631463704e-47 1.34138551598845e-46 1.13271825794901e-41 9.00160688306752e-09 2.70496392929054e-49 7.79913216562035e-52 6.65479321085974e-25
1.30240568583238e-34 1.00600554114145e-55 1.76480690389094e-50 3.181441352626e-46 0.0521937646272943 0.0521937646272943 3.63290587917379e-51 7.212821606751e-25 2.82903893730267e-11 3.65336530399555e-36 5.15795767029398e-18 3.27477301570037e-57 2.10470462929675e-48 4.08445706013064e-48 1.09741622114806e-42 6.6843611790986e-09 1.55191944589493e-50 3.76071011694827e-53 1.40251005900112e-25
1.07921515892277e-35 2.36857932762113e-57 6.98451910373938e-52 2.4352173098988e-47 0.0493457497853765 0.0493457497853765 1.99754922181296e-52 1.58185246522202e-25 1.78913549586286e-11 5.44405800660674e-37 2.0104116345635e-18 1.15213902756631e-58 1.39262930664789e-49 1.25078149127325e-49 1.06321439951023e-43 4.95559815175949e-09 8.90383034129108e-52 1.81339943672457e-54 2.89809755226774e-26
8.48196209242534e-37 5.57973964886597e-59 2.76494735848229e-53 1.86402409762124e-48 0.0466155635295773 0.0466155635295773 1.09835019852725e-53 3.40427496644732e-26 1.12776577211165e-11 8.11245662920359e-38 7.77213127408226e-19 4.05351046911984e-60 9.2146724948451e-51 3.84586722737113e-51 1.03007850398253e-44 3.6679136931822e-09 5.10839628463641e-53 8.74414041755359e-56 5.86996559233196e-27
6.30662250647192e-38 1.31495778631327e-60 1.09475551834994e-54 1.42680730068845e-49 0.0439932753626274 0.0439932753626274 6.03926624407332e-55 7.18741560306769e-27 7.08535114752206e-12 1.20887676951325e-38 2.98008210253011e-19 1.42613183073669e-61 6.09711348037497e-52 1.18596971864104e-52 9.97975314156741e-46 2.71028221246124e-09 2.93084119249551e-54 4.21639015142119e-57 1.16506266676495e-27
4.42356250734767e-39 3.09979948132701e-62 4.33515811309177e-56 1.09214203609364e-50 0.0414686875095556 0.0414686875095556 3.32068376879913e-56 1.48832661460841e-27 4.4367385572619e-12 1.80140629486388e-39 1.13327189483333e-19 5.01752403819372e-63 4.03430429170164e-53 3.66490317044035e-54 9.66872644964295e-47 1.99921710522029e-09 1.68151209279455e-55 2.03312683287747e-58 2.26529772381217e-28
2.91769826475394e-40 7.30877746871179e-64 1.71685709225268e-57 8.35974294797681e-52 0.0390311814793793 0.0390311814793793 1.82587424478011e-57 3.02193485472579e-28 2.76895192077787e-12 2.68436346943154e-40 4.27407736176327e-20 1.76530710445104e-64 2.6693961282551e-54 1.13424091285408e-55 9.36739314409042e-48 1.47204368409496e-09 9.64734265701039e-57 9.80365827446306e-60 4.3135007699488e-29
1.80321780182721e-41 1.72353578884294e-65 6.79975333033775e-59 6.39892063914256e-53 0.0366695027401536 0.0366695027401536 1.00395490503736e-58 6.01468948838849e-29 1.72225617467572e-12 4.0001010631411e-41 1.59859073432984e-20 6.21086100353018e-66 1.7662712513286e-55 3.51413562624916e-57 9.07545112305198e-49 1.08178857116552e-09 5.53497182198648e-58 4.72728585833283e-61 8.04126424570117e-30
1.04000914183792e-42 4.06482951795647e-67 2.69323113844324e-60 4.89801966410584e-54 0.0343714418226131 0.0343714418226131 5.52023478195593e-60 1.17316254167031e-29 1.06752649126326e-12 5.96074588450009e-42 5.9292894840415e-21 2.18516320783235e-67 1.16869658281441e-56 1.08960804213217e-58 8.79260769984604e-50 7.93303801734157e-10 3.17558048899046e-59 2.27947886833651e-62 1.46711649787776e-30
5.57186149236208e-44 9.58733436151608e-69 1.06676692631825e-61 3.74916302024601e-55 0.0321233420296793 0.0321233420296793 3.03529490169983e-61 2.24177019324648e-30 6.59326165161364e-13 8.88239840493017e-43 2.18082713804392e-21 7.68805231356836e-69 7.73296684556096e-58 3.38038254670591e-60 8.51857930895243e-51 5.80332343533652e-10 1.82192643003742e-60 1.0991558611371e-63 2.61879199492143e-31
2.75819901393447e-45 2.26140099206423e-70 4.22548513599166e-63 2.86977683115247e-56 0.0299093147290684 0.0299093147290684 1.66895349638931e-62 4.19544655404685e-31 4.05655138384925e-13 1.32360949176763e-43 7.95377257980602e-22 2.70488654974669e-70 5.11670668946696e-59 1.04914848840964e-61 8.25309121556763e-52 4.23290080030488e-10 1.04529421637851e-61 5.30008692668922e-65 4.571701960702e-32
1.25377839698668e-46 5.33426653744809e-72 1.67375396898665e-64 2.19665536055029e-57 0.027709963507418 0.027709963507418 9.17672207464868e-64 7.68742054066574e-32 2.48515143738176e-13 1.97237447948659e-44 2.87627778050854e-22 9.51660352499036e-72 3.38559415217377e-60 3.25712573535991e-63 7.99587717500843e-53 3.07591994757996e-10 5.99716860756157e-63 2.55568136918129e-66 7.80249188309634e-33
5.19530993721658e-48 1.25830063839242e-73 6.62998315253111e-66 1.68141808183588e-58 0.0255002838058495 0.0255002838058495 5.04581032406709e-65 1.37864892997496e-32 1.51467903341528e-13 2.939124636806e-45 1.03120058425327e-22 3.34822812889276e-73 2.2401611731502e-61 1.01140055754773e-64 7.74667847591745e-54 2.2239079440271e-10 3.44075673971415e-64 1.23233965152807e-67 1.30136230577941e-33
1.94535554892894e-49 2.96826853232451e-75 2.62625792609743e-67 1.28703203031147e-59 0.0232461805363961 0.0232461805363961 2.77443300520379e-66 2.41904185903293e-33 9.16981080525715e-14 4.37966004713376e-46 3.66425855353984e-23 1.17800790811895e-74 1.48225721557885e-62 3.1410690811981e-66 7.5052363752656e-55 1.5962719249511e-10 1.97406592812685e-65 5.94229392312547e-69 2.12028418229581e-34
6.51263024119674e-51 7.00210295782354e-77 1.0403158983284e-68 9.85146832609171e-61 0.0208986454425242 0.0208986454425242 1.52551739077044e-67 4.15113338486316e-34 5.496769719775e-14 6.52556804094124e-47 1.28945120653309e-23 4.14458834234125e-76 9.80769348603919e-64 9.7561631692704e-68 7.27121444836291e-56 1.13314505200779e-10 1.13257988038203e-66 2.86534966660973e-70 3.37301341435796e-35
1.92364304903073e-52 1.65180297454252e-78 4.12091007024279e-70 7.54022823542528e-62 0.0183838046230499 0.0183838046230499 8.38788344736798e-69 6.96116031684338e-35 3.2418755687214e-14 9.71579574613469e-48 4.48229331451561e-24 1.45818736784066e-77 6.48924667044216e-65 3.03049725359846e-69 7.04337799709809e-57 7.89971827184105e-11 6.49780890638492e-68 1.38164522041484e-71 5.23528142039421e-36
4.92872733187274e-54 3.89654199006486e-80 1.63217368952764e-71 5.76605987479253e-63 0.0155845859412418 0.0155845859412418 4.61041034849448e-70 1.1371106895105e-35 1.85526872213733e-14 1.43897572625229e-48 1.52642180231452e-24 5.12986287580667e-79 4.29108444402935e-66 9.41338814934095e-71 6.81088146804245e-58 5.33321777307045e-11 3.72646721837726e-69 6.66062370396685e-73 7.90577149330092e-37
1.07064451064223e-55 9.18040110182336e-82 6.44210569027436e-73 4.35395676286528e-64 0.0122969612728876 0.0122969612728876 2.51733839585505e-71 1.77263977996046e-36 9.94808428882748e-15 2.04889323971896e-49 4.94276366366564e-25 1.79970643774196e-80 2.81059800743181e-67 2.91783440843751e-72 6.45906541111008e-59 3.37270191231554e-11 2.12173944615976e-70 3.19450650160996e-74 1.1400960505011e-37
1.79464481364995e-57 1.946200553971e-83 2.12170091281112e-74 2.2801870975472e-65 0.00795623478392346 0.00795623478392346 1.06391198893392e-72 2.08727427698592e-37 4.33806549298344e-15 1.7615218378372e-50 1.2901836971918e-25 5.38115656232808e-82 1.34688820932155e-68 7.85978749931771e-74 4.07915503879772e-60 1.7580778188846e-11 9.24006882825353e-72 1.22619677490734e-75 1.24599321184404e-38
