0 0 0 0 0 0 0 0 0 0 0 0 0 0 0 0 0 0 0
0 0 0 0 0 0 0 0 0 0 0 0 0 0 0 0 0 0 0
0 0 0 0 0 0 0 0 0 0 0 0 0 0 0 0 0 0 0
0 0 0 0 0 0 0 0 0 0 0 0 0 0 0 0 0 0 0
0 0 0 0 0 0 0 0 0 0 0 0 0 0 0 0 0 0 0
0 0 0 0 0 0 0 0 0 0 0 0 0 0 0 0 0 0 0
0 0 0 0 0 0 0 0 0 0 0 0 0 0 0 0 0 0 0
0 0 0 0 0 0 0 0 0 0 0 0 0 0 0 0 0 0 0
0 0 0 0 0 0 0 0 0 0 0 0 0 0 0 0 0 0 0
0 0 0 0 0 0 0 0 0 0 0 0 0 0 0 0 0 0 0
0 0 0 0 0 0 0 0 0 0 0 0 0 0 0 0 0 0 0
0 0 0 0 0 0 0 0 0 2.8452682680255e-08 0 0 0 0 0 0 0 0 0
0 0 0 0 0 0 0 0 0 9.96671518748396e-08 0 0 0 0 0 0 0 0 0
0 0 0 0 0 0 0 0 0 2.81014818011677e-07 0 0 0 0 0 0 0 0 0
0 0 0 0 0 0 0 0 0 7.20129162552553e-07 0 0 0 0 0 0 0 0 0
0 0 0 0 0 0 0 0 0 1.73413304901867e-06 0 0 0 0 0 0 0 0 0
0 0 0 0 0 0 0 0 0 3.97153147872168e-06 0 0 0 0 0 0 0 0 0
0 0 0 0 0 0 0 0 0 8.69494988820931e-06 0 0 0 0 0 0 0 0 0
0 0 0 0 0 0 0 0 0 1.82453135996304e-05 0 0 0 0 8.59160998277044e-05 0 0 0 0
0 0 0 0 0 0 0 0 0 3.67556956404065e-05 0 0 0 0 0.000221402614099884 0 0 0 0
0 0 0 0.000316070030838742 0 0 0 0 0 7.11741186951159e-05 0 0 0.000597148319979221 0 0.000440905252186252 0 0 0 0
0 0 0 0.000739587017267199 0 0 0 0 0 0.000132617076728092 0 0 0.00132407825237206 0 0.000785951845799587 0 0 0 0
0 0 0 0.00136107704484585 0 0 0.00132835865102607 0 0 0.000237999228671288 0 0 0.00235155527363285 0 0.0013096013515962 0 0.000618475845602121 0 0
0 0 0 0.00224937923513024 0 0 0.0028729585164419 0 0 0.000411767542903991 0 0 0.00374264080950983 0 0.00207707084993015 0 0.00136920405126661 0.00101990540362645 0
0 0 0.000923530946622408 0.00347968947755852 0 0 0.00487907104695901 0 0 0.0006874234279322 0 0.00135859483432925 0.00555417538184224 0.00110298460325745 0.00316433702301212 0 0.00239773465514016 0.00221724964361718 0
0.00147602612927004 0.00219004072923247 0.0020083604745685 0.00513225318391807 0 0 0.00743758530661273 0.00142811482272788 0 0.00110837753087067 0 0.00286574956074514 0.00782834788840143 0.00231025570730965 0.00465452737154305 0 0.00378410709527981 0.00377611741572637 0
0.00307729926435048 0.00452386646095197 0.00338966350857158 0.00728828189450171 0 0 0.0106122582154281 0.00286031946976697 0 0.0017276007677239 0 0.00474586659324702 0.0105870061424195 0.00385004496943404 0.00663204903445879 0 0.00561053248729501 0.00579182962436746 0.00223216215759544
0.00503466535796833 0.00730481015017051 0.00515323183777582 0.0100241520465001 0 0 0.0144445126789668 0.00466852051532957 0 0.00260557045225067 0 0.00709004544117532 0.0138271304691857 0.00580565000978259 0.00917480547244708 0 0.00796332410647156 0.00835218829452377 0.00455675039500735
0.00744962810947368 0.0106442819480662 0.00738268241182293 0.0134046691422548 0 0 0.0189522731144061 0.00692190537620108 0 0.00380620664029603 0 0.00997436572059235 0.0175185468913959 0.00825693453097597 0.0123453286170417 0 0.0109314003486762 0.0115441404309468 0.00728991533730533
0.00950363718128883 0.013403777067501 0.00931727431986908 0.0162433557951444 0.00573229913691069 0.00573229913691069 0.0224767772319711 0.00883385224139281 0.0126712174450675 0.00495125605551644 0.0143921159270907 0.0123935337155842 0.0202394367832851 0.0103509592375944 0.0150510684820863 0 0.0134837310057118 0.0142549743394369 0.00957253932302049
0.0102003348422054 0.014238203956951 0.0100115909106109 0.0171064427018359 0.00758505959732625 0.00758505959732625 0.0231373970775471 0.00945962925807055 0.0164923430383827 0.0055188092385615 0.0192502084782693 0.0131443371713835 0.0204341510185693 0.0110487962966813 0.0159523561881656 0.0135584233014811 0.0143488435105305 0.0151320946621026 0.010346276300919
0.010043626662698 0.0138675084500087 0.00990101468334305 0.0166320886649781 0.00801642402916534 0.00801642402916534 0.0219556131916114 0.0092934366854439 0.0172736492247136 0.00565525296799846 0.0202379626915176 0.0128279922331169 0.0190188628748996 0.0108555047001585 0.0155971535541262 0.0173824310634703 0.014093943780248 0.0148102900689838 0.0101963164006985
0.00937661725087407 0.0127864515991992 0.00929276539956673 0.0153079888856707 0.00768185581719091 0.00768185581719091 0.0196929439024861 0.00866268847053136 0.0164046606582735 0.00547669899625489 0.019196263924503 0.0118682767403652 0.0166948213191011 0.0101225488672405 0.0144170844312967 0.0178226527963123 0.0131341017212456 0.013747884722541 0.00950632158341359
0.00843427686856818 0.0113362451436793 0.00840328400141187 0.0135044115003219 0.00695227310107943 0.00695227310107943 0.0169067573802382 0.00778734230685971 0.014695628450114 0.00507805396980807 0.0171389746777335 0.010563244626278 0.0139816803956409 0.00909460429055345 0.0127514276063707 0.0165715465625269 0.0117718658342931 0.012274306601723 0.00853282501575657
0.00737532151520996 0.0097480258054493 0.00738312150748061 0.0114970316652567 0.00605567624825712 0.00605567624825712 0.0139905507539324 0.00681330925379926 0.0126485818512041 0.00453837347231309 0.0146809999850138 0.00911887782940247 0.0112442795927346 0.00793952719903101 0.0108623388328566 0.0145439777133464 0.0102247635771135 0.0106225673523937 0.00744546390707834
0.00630388445439638 0.00817277605577163 0.00633453562479337 0.00948373181584267 0.00513086055848735 0.00513086055848735 0.011206077905323 0.00583441487139615 0.0105691058893875 0.00392357406881373 0.0121924616945948 0.00767295313938352 0.0087176877396396 0.00676927836302304 0.00894521322471531 0.0122729197155407 0.00864520717574909 0.00895273336912853 0.00635291394960915
0.00528508237497759 0.00670327694461373 0.00532433569438893 0.00759809797347943 0.00425733152782797 0.00425733152782797 0.00871091154128714 0.00490791670087812 0.00863061076226291 0.00328748230402374 0.00988177302365399 0.00631278359902709 0.00653234478430234 0.00565517329699483 0.00713699915414955 0.0100614091740695 0.0071354359928905 0.00736956018958298 0.00532110443436868
0.00435643811458902 0.00539065501382859 0.00439343214304994 0.00592124771043888 0.0034754166018555 0.0034754166018555 0.00658295798965166 0.00406574148606636 0.00691853250125304 0.00267208764552145 0.00785062747515982 0.00508873962196037 0.00473916737101505 0.00463922206569325 0.00552421936399173 0.00806627682686256 0.0057591273852737 0.00593613507502998 0.00438640718811371
0.00353630902953442 0.0042569506791106 0.00356402033550618 0.00449278494795553 0.00280050825016755 0.00280050825016755 0.00484228977718716 0.00332264328411324 0.0054622101358714 0.0021076987343924 0.00613288631929373 0.00402468310213725 0.00333341955901547 0.00374263620083923 0.00415150286698518 0.00635260555733575 0.00455069892024943 0.00468466274891852 0.00356522437791483
0.00283009374594522 0.00330463717939912 0.00284502741575359 0.00332107709810722 0.00223303657395696 0.00223303657395696 0.00347010158923065 0.00268208573477702 0.00425751898378635 0.00161347711982838 0.00472197970638368 0.0031260503359132 0.00227586798074517 0.00297222791164985 0.00303067151795447 0.00493073651462758 0.00352292584992042 0.00362510451716952 0.00286090685969727
0.00223477394827514 0.00252375607543581 0.0022362582291661 0.0023926873568978 0.00176521165731143 0.00176521165731143 0.00242444958370298 0.00214043560025942 0.00328231684525116 0.00119856909659944 0.00358959864440409 0.00238608868802551 0.00151003327133957 0.00232521434277992 0.00214992830550084 0.00378104810917005 0.0026732361060514 0.00275211636482398 0.00226868262381591
0.00174220360264149 0.00189717359839529 0.0017315472840424 0.00168064700857377 0.00138538351934062 0.00138538351934062 0.001652554133871 0.00168990866110695 0.00250647135146416 0.000863819913804151 0.00269787344555609 0.0017906096809002 0.000974952929247928 0.00179279900973876 0.00148248127529374 0.00286988772576253 0.00198888375565583 0.00205057108011293 0.00177910926186538
0.00134145466447883 0.00140435334759281 0.00132113635379796 0.00115127342569118 0.00108071664718027 0.00108071664718027 0.0010996968187319 0.00132060013607979 0.0018979897952259 0.000603879047424045 0.00200685921201239 0.0013215326650852 0.000613530445200614 0.00136280589950497 0.000993971523917662 0.00215925331092264 0.00145111520532865 0.00149986033866292 0.00138044079951873
0.00102045254187742 0.00102396375883637 0.000993438903337294 0.000769366977900722 0.000838722632325213 0.000838722632325213 0.000715011201861803 0.00102184858393232 0.00142647874914463 0.000409416616039614 0.00147878298791181 0.000959438658258018 0.000377073526749901 0.00102157467868141 0.000648276625365666 0.00161224251584923 0.00103840855260679 0.00107713112944798 0.00106020376715275
0.000767078693044791 0.000735581759982788 0.00073631409407004 0.000501789659926776 0.000648051536999226 0.000648051536999226 0.000454675650868377 0.000783118894738548 0.00106486103768381 0.000269170969191277 0.00108015624336757 0.000685320006653151 0.000226926239077449 0.000755278764743651 0.000411535640111587 0.00119577151576943 0.000728865652992955 0.000759597821139571 0.000806203734966528
0.000569876329989584 0.000520709629415267 0.000537948017267633 0.000319585870048254 0.000498823284855353 0.000498823284855353 0.000283126773386414 0.000594542170718834 0.000790013276650073 0.000171615384448291 0.000782550362634991 0.00048168880004247 0.000134169882423254 0.000550795073837517 0.000254501734089739 0.000881625691007444 0.000501851807077366 0.000526071542898676 0.000607127279505676
0.000418464238994752 0.000363285391263397 0.000387423063823385 0.000198916485718882 0.000382688573674443 0.000382688573674443 0.000172920934041265 0.000447214460003641 0.000582776251906687 0.000106134387687848 0.000562586916287564 0.000333189084888633 7.82597416982598e-05 0.000396230254015595 0.000153515296277723 0.000646557074188509 0.000338996387476537 0.000357851579276865 0.000452861721887162
0.000303740211001033 0.000249835161805614 0.000275044409020544 0.000121127591495701 0.000292742275416982 0.000292742275416982 0.000103800186511817 0.000333329525124317 0.000427633473196511 6.37034479267231e-05 0.000401508776496479 0.000226841062181574 4.5258690898183e-05 0.000281189776985809 9.04813886324448e-05 0.0004718875156472 0.000224680560145856 0.000239122507776486 0.000334622830945904
0.000217937346746363 0.000169387195502568 0.000192483105187155 7.22692697962087e-05 0.000223366173436262 0.000223366173436262 6.14005717031352e-05 0.00024620081003591 0.000312242394273291 3.71446162800088e-05 0.000284564454627018 0.000152027876556075 2.6098357212905e-05 0.000196861188878799 5.22378623063533e-05 0.000342898112920126 0.00014614122196612 0.000156992898967395 0.000244956480273663
0.000154582074243342 0.000113241444787281 0.000132786822011418 4.23333975618824e-05 0.000170047044467463 0.000170047044467463 3.59077694405881e-05 0.000180212775511946 0.000226927700422625 2.10735116611154e-05 0.000200345595612785 0.000100317033828738 1.50963081623773e-05 0.000135969806728728 2.96407223495536e-05 0.000248166770691416 9.33127708174167e-05 0.000101296492850076 0.000177662024880798
0.000108391099802108 7.46652888915357e-05 9.03011697072966e-05 2.44119915657911e-05 0.000129196102480049 0.000129196102480049 2.08426825312669e-05 0.000130730513520811 0.000164197048229712 1.16610804959579e-05 0.000140155936717389 6.51895592492481e-05 8.8090645894059e-06 9.2653536744672e-05 1.6603259383162e-05 0.000178940078846386 5.85123130789331e-05 6.42566632639663e-05 0.000127671444026947
7.51350680486309e-05 4.85659692846874e-05 6.05366027730245e-05 1.39069999389527e-05 9.79832589614911e-05 9.79832589614911e-05 1.20623271460046e-05 9.39880845143096e-05 0.000118308816393308 6.31633328738044e-06 9.74504763066564e-05 4.17317523367376e-05 5.20921389747285e-06 6.22930490632457e-05 9.23270819986999e-06 0.000128579461824981 3.60527026151608e-05 4.00923412260039e-05 9.0907985692308e-05
5.14890202748223e-05 3.11734387826299e-05 4.00082507425514e-05 7.86096723579319e-06 7.41920288735324e-05 7.41920288735324e-05 6.99421503228405e-06 6.69696620025564e-05 8.49028525252736e-05 3.36628828444217e-06 6.73592933590673e-05 2.6327828694189e-05 3.13062055941099e-06 4.13242701444551e-05 5.13078313077634e-06 9.20946772332519e-05 2.18449418336027e-05 2.46210710895986e-05 6.41403346847524e-05
3.48835412019653e-05 1.97538771203239e-05 2.60689098250131e-05 4.43198343732617e-06 5.60964844474413e-05 5.60964844474413e-05 4.08293461323322e-06 4.72928154941113e-05 6.06946266173012e-05 1.77765254305941e-06 4.62963749585749e-05 1.63776384549271e-05 1.91371836601434e-06 2.70521366119952e-05 2.87015027599693e-06 6.57631389800285e-05 1.30299586327271e-05 1.48946738501599e-05 4.48426073304511e-05
2.33655735937092e-05 1.23639315475512e-05 1.6749119642263e-05 2.5068302909944e-06 4.2359251805089e-05 4.2359251805089e-05 2.40972743569411e-06 3.30997452681662e-05 4.32276900197945e-05 9.38519138890301e-07 3.16463555518137e-05 1.00524290719651e-05 1.18886064003556e-06 1.74778755082504e-05 1.62751546944719e-06 4.68264347474218e-05 7.6616352252478e-06 8.8864475127047e-06 3.10662960402985e-05
1.54740940448546e-05 7.64850144541676e-06 1.06129407495128e-05 1.43091805089435e-06 3.19483783195944e-05 3.19483783195944e-05 1.44233830393635e-06 2.29597211944109e-05 3.06769186494967e-05 5.00545637922147e-07 2.15187618917202e-05 6.09332910051466e-06 7.49036402210682e-07 1.11467592391062e-05 9.40749902817261e-07 3.32526894768076e-05 4.44918546239949e-06 5.23648534682393e-06 2.13272972762984e-05
1.01330296351235e-05 4.68016036696586e-06 6.63383813723754e-06 8.28577363331281e-07 2.40704663451161e-05 2.40704663451161e-05 8.76920762779477e-07 1.57841577921433e-05 2.16944023809249e-05 2.72490633513718e-07 1.45585160246594e-05 3.6516284638245e-06 4.7741826032847e-07 7.01927543429532e-06 5.56090989954068e-07 2.35531323777458e-05 2.5576359380698e-06 3.05340543512209e-06 1.45090831116848e-05
6.56180476906781e-06 2.83558884945979e-06 4.09195528758383e-06 4.88546922015576e-07 1.8117450762619e-05 1.8117450762619e-05 5.41588968813372e-07 1.07545097544184e-05 1.52902087832651e-05 1.52665092348104e-07 9.80197765933079e-06 2.16658770736326e-06 3.07078308346661e-07 4.36582786328255e-06 3.36302254434493e-07 1.66421542179478e-05 1.45971859641062e-06 1.76597498103051e-06 9.78170245873882e-06
4.20259322544131e-06 1.70316443291809e-06 2.49193718899679e-06 2.93822960643839e-07 1.36245948799909e-05 1.36245948799909e-05 3.39371108079641e-07 7.26236105540049e-06 1.07410914982651e-05 8.83868571977779e-08 6.56901006615507e-06 1.27490646855311e-06 1.9890292543963e-07 2.68326848667138e-06 2.07675829165415e-07 1.17315871833018e-05 8.30059415170932e-07 1.01597621968601e-06 6.53544896992611e-06
2.66257057352654e-06 1.01565449301409e-06 1.49917500770893e-06 1.80187938540392e-07 1.02375718274028e-05 1.02375718274028e-05 2.15338456243027e-07 4.86059746363118e-06 7.52122990467304e-06 5.28439078428573e-08 4.38300559105224e-06 7.4560394011427e-07 1.29528369040821e-07 1.63055070709068e-06 1.30513818120463e-07 8.25150503848587e-06 4.72206133487754e-07 5.83363478058105e-07 4.32756873135706e-06
1.66908565315924e-06 6.02391737489807e-07 8.91718006347794e-07 1.12455157407871e-07 7.68681735500439e-06 7.68681735500439e-06 1.38050510304772e-07 3.22430876332202e-06 5.25010714924553e-06 3.24824567325662e-08 2.91226328694222e-06 4.34457167553071e-07 8.47031105583832e-08 9.80385909847589e-07 8.31588924677303e-08 5.79132069034925e-06 2.6993331246016e-07 3.35567041939375e-07 2.84019051089686e-06
1.03558095945409e-06 3.56079338703874e-07 5.24946741481726e-07 7.12217915065769e-08 5.76764705282616e-06 5.76764705282616e-06 8.92271891924547e-08 2.11999267385257e-06 3.65357021853612e-06 2.040366493876e-08 1.92744335510255e-06 2.52945441380579e-07 5.55744880792646e-08 5.83792332978023e-07 5.35369237370051e-08 4.05625845564326e-06 1.55737446897493e-07 1.94136026906134e-07 1.84765657045532e-06
6.36193071404279e-07 2.10257861328402e-07 3.06260772501489e-07 4.5636152536115e-08 4.32490790875357e-06 4.32490790875357e-06 5.803751353183e-08 1.38167162858001e-06 2.53493030708206e-06 1.30194883305994e-08 1.27097442197265e-06 1.47600704721129e-07 3.65624070367592e-08 3.44689077106522e-07 3.47292991364619e-08 2.83537034902115e-06 9.10386550037541e-08 1.13383422274897e-07 1.19154508210278e-06
3.87177875536041e-07 1.24331029289779e-07 1.77368865853935e-07 2.95037016200588e-08 3.24117362505283e-06 3.24117362505283e-06 3.79357643368954e-08 8.92643189312156e-07 1.75364495542171e-06 8.39887542991952e-09 8.35246300139029e-07 8.6597117840486e-08 2.41098505548459e-08 2.0208504678564e-07 2.26546843465054e-08 1.97815464310658e-06 5.40744639670294e-08 6.70636365172782e-08 7.6185513734712e-07
2.33572548881735e-07 7.38143819268305e-08 1.02178433636157e-07 1.92021012493062e-08 2.42769448451573e-06 2.42769448451573e-06 2.4891459647354e-08 5.71732671242097e-07 1.20968154894042e-06 5.45881004431291e-09 5.47192576944818e-07 5.12348480420699e-08 1.59302224665864e-08 1.17853700621525e-07 1.48398595800696e-08 1.37754215171531e-06 3.26830890337576e-08 4.02601350443977e-08 4.83035438102499e-07
1.39785657137482e-07 4.41065401344443e-08 5.86944360527872e-08 1.2560253895248e-08 1.81747842059473e-06 1.81747842059473e-06 1.63823236454095e-08 3.63079279251796e-07 8.32108550832066e-07 3.56648376160508e-09 3.57475446978851e-07 3.06452742249243e-08 1.05442676023921e-08 6.85113271093591e-08 9.75219046516887e-09 9.57568452818749e-07 2.01004783537923e-08 2.45552751151969e-08 3.03752686759767e-07
8.30714737896058e-08 2.65826779987901e-08 3.37144412393323e-08 8.24718404104143e-09 1.36001445544957e-06 1.36001445544957e-06 1.08089527425392e-08 2.28648800573317e-07 5.70812752136489e-07 2.33899886270706e-09 2.32955122649919e-07 1.85637926166472e-08 6.99035698334061e-09 3.97957648640818e-08 6.42544226581276e-09 6.64476281654205e-07 1.25627750261247e-08 1.52123936751967e-08 1.89499167155172e-07
4.90794652320135e-08 1.61861609748057e-08 1.94254183285833e-08 5.43138390248407e-09 1.01725743653277e-06 1.01725743653277e-06 7.14665924175644e-09 1.42816562750276e-07 3.90514320325219e-07 1.53846115223744e-09 1.51483319906929e-07 1.13986135161092e-08 4.64094389691087e-09 2.31592048352002e-08 4.24276148228947e-09 4.60316881307477e-07 7.96249327191183e-09 9.56097731920564e-09 1.17321625199046e-07
2.88680833641743e-08 9.96723465094571e-09 1.1263388919554e-08 3.58563726999468e-09 7.60578508639219e-07 7.60578508639219e-07 4.73379338088254e-09 8.84982832595464e-08 2.66461588711867e-07 1.01431284750228e-09 9.83278490123027e-08 7.09410636812508e-09 3.08520005281026e-09 1.35406408342627e-08 2.80679273443226e-09 3.18363976835027e-07 5.10551385697102e-09 6.08488456980233e-09 7.21109345706401e-08
1.69326654219473e-08 6.20905256846298e-09 6.59272140748122e-09 2.37193692439664e-09 5.68453066596427e-07 5.68453066596427e-07 3.14057492834669e-09 5.44211731749522e-08 1.81347440490015e-07 6.70085742973327e-10 6.37331387449702e-08 4.4713906642273e-09 2.0534498483647e-09 7.97588454922545e-09 1.85991720183e-09 2.19837276425829e-07 3.30387440851441e-09 3.91319498614921e-09 4.40232555784355e-08
9.92307172455914e-09 3.91155642000527e-09 3.90587436510168e-09 1.57181118726425e-09 4.2471056973381e-07 4.2471056973381e-07 2.08655816091257e-09 3.32230042010076e-08 1.23109767723769e-07 4.43457768141788e-10 4.12660406782681e-08 2.85030061514335e-09 1.36825887273393e-09 4.74476174316976e-09 1.23431252317047e-09 1.51568532791145e-07 2.15326354521782e-09 2.53773919007409e-09 2.670977899175e-08
5.82230367122055e-09 2.48988858997298e-09 2.34675502760218e-09 1.04320423375695e-09 3.17211534314849e-07 3.17211534314849e-07 1.38808268900059e-09 2.01440189663072e-08 8.33687743075353e-08 2.93936873143823e-10 2.67007056595703e-08 1.83454335411523e-09 9.12641438136213e-10 2.8561958445701e-09 8.20248616947513e-10 1.0434369175877e-07 1.4110052694907e-09 1.65658001553956e-09 1.61162850754759e-08
3.4280305809013e-09 1.59958141871622e-09 1.43132380960528e-09 6.93332716143666e-10 2.36848706058591e-07 2.36848706058591e-07 9.24518579209828e-10 1.21375725278042e-08 5.63209984010875e-08 1.95104511747224e-10 1.72710490038262e-08 1.1902144582725e-09 6.09323481662466e-10 1.74191421294226e-09 5.45763948866821e-10 7.17284240059846e-08 9.2844945227073e-10 1.0868841574488e-09 9.67882252510441e-09
2.02991093904189e-09 1.03575297997191e-09 8.86174479742593e-10 4.61384002751309e-10 1.76793842703966e-07 1.76793842703966e-07 6.16439677037154e-10 7.2726021521394e-09 3.79594849109519e-08 1.29667825610696e-10 1.11722779309618e-08 7.77158314698148e-10 4.07176320281518e-10 1.07671997877949e-09 3.63546671034575e-10 4.92382123759437e-08 6.12879704589506e-10 7.15910330155943e-10 5.79111813447045e-09
1.21147343090736e-09 6.75086811085888e-10 5.56445647491757e-10 3.07387493225885e-10 1.31930303146618e-07 1.31930303146618e-07 4.11438397584202e-10 4.33683669175185e-09 2.55259142147057e-08 8.62767129991428e-11 7.23015247799078e-09 5.10039179612236e-10 2.72318586373979e-10 6.74293985175269e-10 2.42422947008504e-10 3.37533340204907e-08 4.05588818960397e-10 4.73003160751217e-10 3.45597714018089e-09
7.30032768416686e-10 4.42379132730703e-10 3.53825742807866e-10 2.05009359915921e-10 9.84260131814772e-08 9.84260131814772e-08 2.74869993784645e-10 2.57632622531182e-09 1.71270457775305e-08 5.74641930951262e-11 4.68256039262976e-09 3.36076564437906e-10 1.8226659499462e-10 4.27393053206215e-10 1.61812380274136e-10 2.31074296807039e-08 2.68957410317321e-10 3.13275729272756e-10 2.05968714299945e-09
4.44777989086928e-10 2.91146224121823e-10 2.27415354492391e-10 1.36864593581202e-10 7.34123573035507e-08 7.34123573035507e-08 1.83793700844309e-10 1.52638553768558e-09 1.14671156323613e-08 3.83078057924425e-11 3.035889819183e-09 2.22150623469922e-10 1.22080844978139e-10 2.7379279225006e-10 1.08104435430466e-10 1.57987974422233e-08 1.78657809824037e-10 2.07898296340764e-10 1.22763448525174e-09
2.74184046169565e-10 1.92282014366016e-10 1.47465385259625e-10 9.1455233425243e-11 5.47429129875367e-08 5.47429129875367e-08 1.22995750798871e-10 9.03083861171897e-10 7.66175689208472e-09 2.55566908064917e-11 1.97096142991596e-09 1.47215724244194e-10 8.18227479276772e-11 1.76986562476326e-10 7.22837150228133e-11 1.07882374397902e-08 1.18849473699088e-10 1.38196273788578e-10 7.32890663690359e-10
1.71038423807779e-10 1.27345197189325e-10 9.63021420291797e-11 6.11644985207788e-11 4.08123067418785e-08 4.08123067418785e-08 8.23727709415104e-11 5.3435210595695e-10 5.10902973818618e-09 1.70614372714949e-11 1.28164159336962e-09 9.77580013488701e-11 5.48732531125996e-11 1.15264258035421e-10 4.83699131991416e-11 7.35779232433788e-09 7.91649498469103e-11 9.19944314967694e-11 4.38938966674784e-10
1.07920484604359e-10 8.45307485648535e-11 6.32410447304936e-11 4.09392398621847e-11 3.04203009345791e-08 3.04203009345791e-08 5.52066395087282e-11 3.16706255037382e-10 3.40031805214461e-09 1.14059877129285e-11 8.34911600035137e-10 6.50265196200965e-11 3.6819541489573e-11 7.55193835475879e-11 3.23907474529707e-11 5.01223594332065e-09 5.2792367446926e-11 6.13156979041363e-11 2.64151437902019e-10
6.88150380426402e-11 5.62161961901319e-11 4.17102869707892e-11 2.7422559466202e-11 2.26698803160407e-08 2.26698803160407e-08 3.70249769081023e-11 1.883419222376e-10 2.25896082164821e-09 7.70149119843705e-12 5.44966741413819e-10 4.33169192820895e-11 2.47168215423885e-11 4.97159094816928e-11 2.17044753018621e-11 3.41050566123603e-09 3.52424620889786e-11 4.09137995620257e-11 1.59967671352747e-10
4.42911157351111e-11 3.74448368942924e-11 2.76025894709774e-11 1.83816435110483e-11 1.68908764293391e-08 1.68908764293391e-08 2.48472010002852e-11 1.12573273043059e-10 1.49811397269589e-09 5.29906089729065e-12 3.56455987276588e-10 2.88915608032853e-11 1.65983126215523e-11 3.28524790804959e-11 1.45522231208486e-11 2.31806526627142e-09 2.35494635008766e-11 2.732821079724e-11 9.76119516785502e-11
2.87363899233641e-11 2.4975128177721e-11 1.83148130033984e-11 1.23296474366629e-11 1.25827606284776e-08 1.25827606284776e-08 1.66849140282495e-11 6.77362509651628e-11 9.9190254715497e-10 3.67799841642599e-12 2.33657634260911e-10 1.92916142020836e-11 1.11513585497924e-11 2.17737303782207e-11 9.76170017414222e-12 1.573868786578e-09 1.57501284424337e-11 1.82708779976889e-11 6.00759681018465e-11
1.87698655981251e-11 1.66776278190377e-11 1.21777548743111e-11 8.27541953351655e-12 9.37181571258308e-09 9.37181571258308e-09 1.12103719923229e-11 4.10884049704991e-11 6.55728819410737e-10 2.54868511231795e-12 1.53499098707431e-10 1.28944271959334e-11 7.5337567466795e-12 1.44652681442047e-11 6.55089721257393e-12 1.06748994366386e-09 1.05426170018281e-11 1.22259873309603e-11 3.73168534521291e-11
1.23275890598766e-11 1.1148448466009e-11 8.11098438322382e-12 5.55758925159834e-12 6.97908672032299e-09 6.97908672032299e-09 7.53619732945834e-12 2.51543380224078e-11 4.32868468180838e-10 1.76210497939292e-12 1.01060311415938e-10 8.62646935983369e-12 5.15911184912175e-12 9.62835063567953e-12 4.39857045531653e-12 7.23315878002604e-10 7.062366763492e-12 8.18763668514447e-12 2.340048283858e-11
8.13251199753330e-12 7.4593927154335e-12 5.41000845464704e-12 3.73443170159831e-12 5.1964080646945e-09 5.1964080646945e-09 5.06883313364324e-12 1.55531048654547e-11 2.85372126307142e-10 1.21616147049503e-12 6.66786975165206e-11 5.77604012707158e-12 3.56649783802882e-12 6.41893484177542e-12 2.9661218628029e-12 4.89641024160445e-10 4.734438970204e-12 5.48732097395092e-12 1.48116564397349e-11
5.38415819446129e-12 4.99534554670953e-12 3.61285409914642e-12 2.51066529499969e-12 3.86847883250546e-09 3.86847883250546e-09 3.41094578846646e-12 9.71538203559236e-12 1.87906054794189e-10 8.38327551640001e-13 4.40855129162863e-11 3.87049808186884e-12 2.46675965592369e-12 4.28501002637009e-12 2.02414036179651e-12 3.31153988835623e-10 3.17602704087177e-12 3.68017897051455e-12 9.45891924207744e-12
3.57477123022821e-12 3.34789063123766e-12 2.41526510831925e-12 1.6887431354989e-12 2.87946527077512e-09 2.87946527077512e-09 2.29636319006927e-12 6.13034488613861e-12 1.23593460430154e-10 5.77376410750035e-13 2.92057345892564e-11 2.59549555498797e-12 1.70316702808392e-12 2.86377375773018e-12 1.39707928456599e-12 2.23769840843081e-10 2.13196581976228e-12 2.4698246676769e-12 6.09017831134432e-12
2.37888210189925e-12 2.24541124490841e-12 1.61618550793214e-12 1.13640095222202e-12 2.14299047308784e-09 2.14299047308784e-09 1.54665178464269e-12 3.90548549834693e-12 8.12137657656307e-11 3.97410221648772e-13 1.93846467670951e-11 1.74168842681241e-12 1.17438347638144e-12 1.91585954846879e-12 9.66680377500253e-13 1.51080926215138e-10 1.43199359843719e-12 1.65857615148173e-12 3.94995500922428e-12
1.58600449805925e-12 1.50701683641862e-12 1.08240792777424e-12 7.65020317049776e-13 1.59465732202383e-09 1.59465732202383e-09 1.04211811031593e-12 2.51009919586802e-12 5.33211036420712e-11 2.73421042727296e-13 1.28888615250408e-11 1.16949810781862e-12 8.09010425455846e-13 1.2828648832886e-12 6.6776588618685e-13 1.01922857062044e-10 9.62392939694854e-13 1.11445303126118e-12 2.57822695192924e-12
1.05901079546608e-12 1.01209044356285e-12 7.2549309365775e-13 5.15185930345998e-13 1.18646529808698e-09 1.18646529808698e-09 7.02422239806458e-13 1.62598406391519e-12 3.49833658310231e-11 1.88058402763792e-13 8.5839072746441e-12 7.85762884870994e-13 5.56941793841159e-13 8.59715253303696e-13 4.60608083227609e-13 6.87076268752071e-11 6.47144598461856e-13 7.49258295674949e-13 1.69204786984235e-12
7.08033037451201e-13 6.8011612753468e-13 4.86623199782184e-13 3.4703752832802e-13 8.82642643489451e-10 8.82642643489451e-10 4.73606566107548e-13 1.06047903925542e-12 2.29390916781376e-11 1.29318344852803e-13 5.72552690273606e-12 5.28240849124272e-13 3.83231231594309e-13 5.76575215642302e-13 3.17382421464207e-13 4.62836351038956e-11 4.35387391796687e-13 5.04002031284942e-13 1.11554761321613e-12
4.73895995898434e-13 4.57292970135523e-13 3.26623965982344e-13 2.33835439042929e-13 6.56535922063888e-10 6.56535922063888e-10 3.19412213753514e-13 6.95669127882434e-13 1.50349994461228e-11 8.8912198436313e-14 3.82430793261153e-12 3.55310244833603e-13 2.63612700697511e-13 3.86955492775354e-13 2.18530529967233e-13 3.11571026327056e-11 2.93065648983612e-13 3.39197309091094e-13 7.38259682768654e-13
3.17488092462845e-13 3.07637809373483e-13 2.19371315541922e-13 1.57856057917908e-13 4.88289298378352e-10 4.88289298378352e-10 2.15461609393333e-13 4.58566427773005e-13 9.85154646490238e-12 6.11244341619481e-14 2.55767806695451e-12 2.39114585196758e-13 1.81287132862051e-13 2.59865695181755e-13 1.50387861051419e-13 2.09609924077526e-11 1.9735930923211e-13 2.28391838761814e-13 4.90099038714807e-13
2.12882686529432e-13 2.07065083211355e-13 1.47425354099892e-13 1.07430219748728e-13 3.63113451026181e-10 3.63113451026181e-10 1.45379808485345e-13 3.03480635074341e-13 6.45417816595565e-12 4.20179805927336e-14 1.71256222888263e-12 1.60996498548988e-13 1.24650366808239e-13 1.74623443226811e-13 1.03455145076061e-13 1.40932157272878e-11 1.32967400841798e-13 1.53853589930772e-13 3.26188314288818e-13
1.42851951497319e-13 1.39439465968556e-13 9.91313982337766e-14 7.39466520238417e-14 2.69994599076863e-10 2.69994599076863e-10 9.85751015703798e-14 2.01498792029366e-13 4.22838823993168e-12 2.88823854827724e-14 1.14791508587503e-12 1.08449995053302e-13 8.56975275225136e-14 1.17410535293646e-13 7.11504823259309e-14 9.47044462973957e-12 8.96230774331088e-14 1.03687272080747e-13 2.1755243975334e-13
9.59259730770092e-14 9.39433069129625e-14 6.66935222983038e-14 5.11035368409563e-14 2.00731958144175e-10 2.00731958144175e-10 6.75971667402339e-14 1.34141490579897e-13 2.77055877062949e-12 1.98524832296098e-14 7.7018476306692e-13 7.30862617664562e-14 5.89122437514813e-14 7.89857155449808e-14 4.89240585869758e-14 6.36079322418825e-12 6.04328517390304e-14 6.99077391457059e-14 1.45348563706751e-13
6.44565504209637e-14 6.33195315715984e-14 4.48928618805941e-14 3.52710365660568e-14 1.492202213706e-10 1.492202213706e-10 4.66678734117432e-14 8.94929978170937e-14 1.81584437608969e-12 1.36453669755727e-14 5.17207028974318e-13 4.92749488184221e-14 4.04963644247801e-14 5.31635995197169e-14 3.36363849860109e-14 4.27023294380451e-12 4.07659038483881e-14 4.71518801820221e-14 9.72483885641182e-14
4.33370183693605e-14 4.26964889553557e-14 3.02329680408598e-14 2.43143892506976e-14 1.10914795487231e-10 1.10914795487231e-10 3.22139551822897e-14 5.98108056708584e-14 1.19060323283242e-12 9.37879965055453e-15 3.47603734853028e-13 3.32347441454546e-14 2.78360114137026e-14 3.58008052780824e-14 2.3123557091249e-14 2.86556352259313e-12 2.75095984496291e-14 3.18155160503326e-14 6.51448264708668e-14
2.91535340509288e-14 2.88015346558976e-14 2.03694205522768e-14 1.67465181034391e-14 8.24333183606791e-11 8.24333183606791e-11 2.22095680591821e-14 4.00311348664881e-14 7.81066598727311e-13 6.44609015864551e-15 2.33788031161011e-13 2.24243944995668e-14 1.91327022070969e-14 2.41194971060519e-14 1.5895086944866e-14 1.92222882596638e-12 1.85703950174458e-14 2.14749310019604e-14 4.36840594392478e-14
1.96225298373813e-14 1.94360865404896e-14 1.37299655084779e-14 1.15272516795219e-14 6.12587841011953e-11 6.12587841011953e-11 1.52986086680999e-14 2.68252520427469e-14 5.12738041727852e-13 4.43043911852387e-15 1.57345365793936e-13 1.51360874103442e-14 1.31505040056325e-14 1.62569273333779e-14 1.09258772397552e-14 1.28900907092191e-12 1.25404461595274e-14 1.45004603325381e-14 2.93194609280576e-14
1.32142195693471e-14 1.31210547908659e-14 9.258667657071e-15 7.93134136951714e-15 4.55183994277095e-11 4.55183994277095e-11 1.05316074694917e-14 1.7994528676754e-14 3.36852730352509e-13 3.04510761122064e-15 1.05964009721895e-13 1.02204117845199e-14 9.03878594322015e-15 1.09622221800471e-14 7.51005842523843e-15 8.64135895234377e-13 8.47143941805333e-15 9.79459809405879e-15 1.96940823748633e-14
8.90288697994867e-15 8.86088172455653e-15 6.24592056226246e-15 5.45536002065562e-15 3.38188845931566e-11 3.38188845931566e-11 7.2465275461277e-15 1.20814878487566e-14 2.21496218432253e-13 2.09289984575211e-15 7.14020095357897e-14 6.90344031447834e-15 6.21245060959051e-15 7.39485669957549e-15 5.1619105118848e-15 5.79163810153655e-13 5.72442779712407e-15 6.61798093730437e-15 1.32379199800579e-14
6.00056149047822e-15 5.9855269370259e-15 4.21484443108367e-15 3.75116327259067e-15 2.51238313550902e-11 2.51238313550902e-11 4.98408630034188e-15 8.11745050818258e-15 1.4578442846778e-13 1.43832487946119e-15 4.81369657262615e-14 4.66415749881522e-15 4.26946556125812e-15 4.99000237220816e-15 3.54758111655411e-15 3.8808793808425e-13 3.86904592561114e-15 4.47265625603939e-15 8.90352804857759e-15
4.04641176205904e-15 4.04494907857524e-15 2.84555837247748e-15 2.57934958868788e-15 1.86623936031354e-11 1.86623936031354e-11 3.42778517161209e-15 5.45808682882733e-15 9.60548187491189e-14 9.88611795706832e-16 3.24695277924131e-14 3.1525890627579e-15 2.93462648733476e-15 3.36877022689617e-15 2.43846367655553e-15 2.60010842080033e-13 2.61616069179281e-15 3.0240807771464e-15 5.9921234051424e-15
2.72954623174089e-15 2.7340792396887e-15 1.92158546110361e-15 1.77307639989134e-15 1.38613077478466e-11 1.38613077478466e-11 2.35661188504921e-15 3.67203848690592e-15 6.33593997221955e-14 6.79402336358263e-16 2.19105749294358e-14 2.13127149522486e-15 2.01674327698972e-15 2.27484762184978e-15 1.67579788493221e-15 1.74179752040548e-13 1.76920785954518e-15 2.0449554425369e-15 4.03466817704027e-15
1.84225607244231e-15 1.84898179038074e-15 1.2983370093921e-15 1.21911871326655e-15 1.02943036670691e-11 1.02943036670691e-11 1.62051318245615e-15 2.47213970857009e-15 4.18437178157892e-14 4.67033165972322e-16 1.47929941437259e-14 1.44158383786018e-15 1.38639108909232e-15 1.53696944303837e-15 1.1520085334001e-15 1.1667468631685e-13 1.19710927728685e-15 1.3836046409541e-15 2.71835985173957e-15
1.24381095154595e-15 1.25068110276766e-15 8.7745557926934e-16 8.38046305478933e-16 7.64444707681445e-12 7.64444707681445e-12 1.1140470888854e-15 1.66517919328087e-15 2.76685283899774e-14 3.21005219595218e-16 9.99151893673653e-15 9.75263050761129e-16 9.52897366914685e-16 1.03870619831086e-15 7.91809929247293e-16 7.81520095848348e-14 8.10100488968183e-16 9.36274961671444e-16 1.83232903080978e-15
8.40014820333692e-16 8.46150774588338e-16 5.93150357717029e-16 5.76018470840996e-16 5.67612460600146e-12 5.67612460600146e-12 7.65760691518265e-16 1.12213170499608e-15 1.8318452589683e-14 2.20617368445619e-16 6.75086959608431e-15 6.59911467175866e-16 6.54893114521046e-16 7.02141199417298e-16 5.44187565234049e-16 5.23483617802262e-14 5.48291129786602e-16 6.33680483706909e-16 1.23558887517622e-15
5.67489656475319e-16 5.726092327065e-16 4.01075727822189e-16 3.95906956320821e-16 4.21419748716965e-12 4.21419748716965e-12 5.26339287350245e-16 7.5651494555103e-16 1.21436125728935e-14 1.5162291458459e-16 4.56285583801143e-15 4.46640240017791e-16 4.50086407585753e-16 4.74764595109797e-16 3.74003318968054e-16 3.50656845933855e-14 3.71175800613697e-16 4.28986169651354e-16 8.33524055106511e-16
3.8327736425394e-16 3.87316750801969e-16 2.71085080386121e-16 2.71863569733636e-16 3.12849337760101e-12 3.12849337760101e-12 3.61431463526445e-16 5.10007176008559e-16 8.05951203949948e-15 1.04119266839085e-16 3.08392647016781e-15 3.02135505879321e-16 3.09048738248454e-16 3.2089443451191e-16 2.56815162423034e-16 2.34888723790761e-14 2.51103987614352e-16 2.90237575966913e-16 5.6224568738749e-16
2.5931991152699e-16 2.62552035596772e-16 1.83615262462164e-16 1.87160336420196e-16 2.32227432527173e-12 2.32227432527173e-12 2.48842588047601e-16 3.44329770219643e-16 5.35727214265654e-15 7.16618174705939e-17 2.08663408692425e-15 2.04865879903421e-16 2.12758473839765e-16 2.17334631086637e-16 1.76783768729576e-16 1.57379976754576e-14 1.70331128027807e-16 1.96876912634528e-16 3.79821323901023e-16
1.75184864377633e-16 1.77575456462958e-16 1.24103766983758e-16 1.28393820393256e-16 1.72365262557244e-12 1.72365262557244e-12 1.70696342561702e-16 2.32260448527823e-16 3.56443190196164e-15 4.91723493824392e-17 1.41096174596658e-15 1.38554121554586e-16 1.45944661218502e-16 1.46903466425557e-16 1.21281700083071e-16 1.05444825088219e-14 1.1515621831869e-16 1.33145664386341e-16 2.5632983517325e-16
1.18648102364295e-16 1.20498414275218e-16 8.41493495540448e-17 8.84545301706015e-17 1.27921781043181e-12 1.27921781043181e-12 1.17611418825063e-16 1.56979404379673e-16 2.37552468808729e-15 3.38648123458902e-17 9.55473326740874e-16 9.40505319391058e-17 1.0054888960621e-16 9.95977798011278e-17 8.35453653924251e-17 7.06755058308511e-15 7.81942380501617e-17 9.04218517391858e-17 1.73342033272032e-16
8.0459615542679e-17 8.18552062278395e-17 5.71224878120865e-17 6.09615331074135e-17 9.49288085455945e-13 9.49288085455945e-13 8.10573142933119e-17 1.06239158452075e-16 1.58576472212794e-15 2.33373246235777e-17 6.47755196095877e-16 6.3902098526153e-17 6.92961748024671e-17 6.760454374703e-17 5.75767339827865e-17 4.73915028882283e-15 5.31238949461571e-17 6.14510993406834e-17 1.17375470234172e-16
5.41910935026034e-17 5.51184928742689e-17 3.84473596646314e-17 4.15569834660801e-17 7.04384737831594e-13 7.04384737831594e-13 5.52413659669354e-17 7.15386423005955e-17 1.05825691780473e-15 1.59231577440124e-17 4.37529412199175e-16 4.30051902960822e-17 4.72320086566037e-17 4.55172847189054e-17 3.92592843845444e-17 3.17619063390634e-15 3.57955493950879e-17 4.13250571558224e-17 7.90629195565897e-17
3.66457298607326e-17 3.73441663134387e-17 2.60298373356523e-17 2.85793738244477e-17 5.22613901708794e-13 5.22613901708794e-13 3.79988958173839e-17 4.82958915165306e-17 7.07213173680628e-16 1.0943426883251e-17 2.95988498202523e-16 2.9151274229119e-17 3.24853534164864e-17 3.08114571792472e-17 2.69937134474737e-17 2.12945295604925e-15 2.45325189246776e-17 2.80320009921013e-17 5.3399520906914e-17
2.50734189811794e-17 2.56532470904791e-17 1.78639375194185e-17 1.99488162357745e-17 3.87714452081182e-13 3.87714452081182e-13 2.65336767318774e-17 3.29140569392379e-17 4.74462671535903e-16 7.62859574369114e-18 2.01674696342942e-16 2.00486138272889e-17 2.26792018634108e-17 2.11334512702718e-17 1.88351513389679e-17 1.43014610699675e-15 1.71709014839641e-17 1.93046018610584e-17 3.64178070149131e-17
1.68514076304767e-17 1.72000654947934e-17 1.19762882852822e-17 1.35030376974612e-17 2.8760849975575e-13 2.8760849975575e-13 1.79465762014509e-17 2.21486304935258e-17 3.17612357554264e-16 5.1761693440058e-18 1.3621102158231e-16 1.34205204483934e-17 1.53455466620704e-17 1.41794943867732e-17 1.27581225698042e-17 9.59241333542775e-16 1.16487196805432e-17 1.28916868905017e-17 2.45101544969217e-17
1.12942147984983e-17 1.15273562221772e-17 8.02257583483502e-18 9.16892869357792e-18 2.13329324927308e-13 2.13329324927308e-13 1.2187155056103e-17 1.48517747063246e-17 2.12395897664705e-16 3.51475345852358e-18 9.16813051812967e-17 8.99330432340729e-18 1.04203481283669e-17 9.50035036678918e-18 8.66275602627953e-18 6.4288437205241e-16 7.92884368449052e-18 8.63819455603986e-18 1.6438154597247e-17
7.7665405632725e-18 7.98028800741488e-18 5.54691939760736e-18 6.4612162389703e-18 1.58219531711641e-13 1.58219531711641e-13 8.5962019816223e-18 1.01533757800792e-17 1.4289528825363e-16 2.46898301108495e-18 6.25664802602304e-17 6.24163018319988e-18 7.34638431117179e-18 6.5607077510807e-18 6.09909218771799e-18 4.32094669902269e-16 5.60196443963658e-18 6.01259516804032e-18 1.124737706757e-17
5.17556661875041e-18 5.29305774752727e-18 3.67994498377289e-18 4.31784504484835e-18 1.17335203687792e-13 1.17335203687792e-13 5.7372905562896e-18 6.78669672515117e-18 9.56075955199055e-17 1.65647631420605e-18 4.20278324405472e-17 4.12841879258786e-18 4.90639250371529e-18 4.35822740001738e-18 4.0805709429116e-18 2.89566881817823e-16 3.74334067676467e-18 3.9647145530135e-18 7.51756350255281e-18
3.71840064835886e-18 3.86368094600089e-18 2.67991087202618e-18 3.2273199362586e-18 8.70080449672496e-14 8.70080449672496e-14 4.29954917785968e-18 4.80637657391471e-18 6.51735868130831e-17 1.22763636562993e-18 2.94607154455294e-17 3.03331339948729e-18 3.67183505658858e-18 3.16370761193774e-18 3.04255447101151e-18 1.95903047723725e-16 2.80732019783847e-18 2.95670165967346e-18 5.3333049332675e-18
2.51800067285587e-18 2.59131794388004e-18 1.79908709479881e-18 2.17169326010364e-18 6.45133594595047e-14 6.45133594595047e-14 2.88587162629375e-18 3.27166030278735e-18 4.41251986924963e-17 8.32454922307058e-19 2.01415524630161e-17 2.02311284784182e-18 2.46783028416195e-18 2.12921253620385e-18 2.052046806829e-18 1.32140757418296e-16 1.88569971549363e-18 1.98281618313904e-18 3.62972478241546e-18
1.82657260649783e-18 1.90310489870735e-18 1.31875245363026e-18 1.62776152005519e-18 4.78302839588005e-14 4.78302839588005e-14 2.168152927997e-18 2.34753747048978e-18 3.04770196777299e-17 6.19482683262058e-19 1.43300973446208e-17 1.493977816351e-18 1.85179409844544e-18 1.55678505975461e-18 1.53482071137461e-18 9.01141907143143e-17 1.41707841700515e-18 1.49630987777723e-18 2.60806689927945e-18
1.24484213019191e-18 1.28166673700339e-18 8.89135999578872e-19 1.10041273949079e-18 3.54581576420562e-14 3.54581576420562e-14 1.4618550830125e-18 1.61305548866408e-18 2.090816080651e-17 4.22228076577799e-19 9.9171036028911e-18 9.9989993889305e-19 1.25028619249996e-18 1.0527163941498e-18 1.0400795619935e-18 6.13207331213041e-17 9.55963891885193e-19 1.00976376034855e-18 1.79114426924284e-18
6.7954380956792e-19 6.61730909781131e-19 4.6175171235973e-19 5.59729608392632e-19 2.62834806415057e-14 2.62834806415057e-14 7.37151818798394e-19 9.275060506822e-19 1.35059894138339e-17 2.21192946198066e-19 5.99939454734618e-18 5.04381906992462e-19 6.33307556763005e-19 5.53407611999929e-19 5.33414199875587e-19 4.04390169770306e-17 4.82556501193094e-19 5.08127956557771e-19 1.02456050033624e-18
5.69379207139954e-19 6.04840262695322e-19 4.17514448246414e-19 5.41797772846037e-19 1.94813320363445e-14 1.94813320363445e-14 7.24984317091501e-19 7.27127445322688e-19 9.49841232166593e-18 2.03455582495918e-19 4.48598333731184e-18 4.80008171341544e-19 6.17708089391205e-19 4.90707584552576e-19 5.08782348164305e-19 2.78560654682701e-17 4.73930787584167e-19 5.03703444350376e-19 8.08396014238373e-19
5.58564391802116e-19 6.10452745905016e-19 4.20381579315009e-19 5.55442298955444e-19 1.44386931031822e-14 1.44386931031822e-14 7.43856464209221e-19 6.81764309581003e-19 7.42122392947456e-18 2.07172146404834e-19 3.97561128025466e-18 4.86973870860577e-19 6.33559438429721e-19 4.91771682062236e-19 5.20927716075731e-19 2.04340539112906e-17 4.86286787340092e-19 5.17270385060193e-19 7.62261947635275e-19
1.12645044901517e-19 5.8322399101495e-20 4.49341292097868e-20 3.31114625308225e-20 1.06995943344052e-14 1.06995943344052e-14 3.18534979426162e-20 2.06030834827678e-19 4.11976271498631e-18 2.40429296070817e-20 1.59907178164371e-18 2.49625903978401e-20 3.26481127841706e-20 6.39090838166023e-20 3.9305495410102e-20 1.25118824988517e-17 2.16827971291446e-20 1.90688747727662e-20 2.22469433207486e-19
2.22155446280527e-20 5.30373793629808e-21 4.59046365309799e-21 1.9738674935082e-21 7.92808608261622e-15 7.92808608261622e-15 1.36403529381661e-21 6.14212805555735e-20 2.2798422065733e-18 2.79025185452999e-21 6.38537566599976e-19 1.16195701921309e-21 1.68239825516644e-21 8.00897698568262e-21 2.96571283620587e-21 7.64927589195382e-18 9.67375319523011e-22 7.06662440037583e-22 6.40205369908205e-20
4.28315328964723e-21 4.58121521688891e-22 4.47444987272287e-22 1.17667840038603e-22 5.87396003772094e-15 5.87396003772094e-15 5.84109722520631e-23 1.80614013903046e-20 1.25768366964838e-18 3.23816837401033e-22 2.53133449476161e-19 4.8661647437557e-23 8.66960965274614e-23 9.66838189381933e-22 2.23771579971167e-22 4.66924835529255e-18 4.31776597157899e-23 2.6286214950727e-23 1.81637003474232e-20
8.07015748620037e-22 3.74997959633761e-23 4.15349709923654e-23 7.01451550178229e-24 4.35166208670851e-15 4.35166208670851e-15 2.50128693430224e-24 5.23824994255949e-21 6.91624278124971e-19 3.75798851858259e-23 9.96201639967185e-20 1.81280953432454e-24 4.46755886855945e-24 1.12307334436239e-22 1.68842108159897e-23 2.84578471633462e-18 1.92777171512344e-24 9.80416210963497e-25 5.08016087770823e-21
1.48544291067709e-22 2.90147681850564e-24 3.66430240774684e-24 4.18155349474835e-25 3.22359772041327e-15 3.22359772041327e-15 1.0711067962614e-25 1.4982297818484e-21 3.79139774650035e-19 4.36125490982378e-24 3.89197042398615e-20 5.92251975757531e-26 2.30218928178289e-25 1.25377696746581e-23 1.2739623947843e-24 1.73174909439986e-18 8.60889079809297e-26 3.66377735388711e-26 1.40052100909104e-21
2.67007098641376e-23 2.11602703878162e-25 3.06546456423664e-25 2.49274407189797e-26 2.38774506938907e-15 2.38774506938907e-15 4.58671932806139e-27 4.22554039371737e-22 2.07184333541751e-19 5.06136309570413e-25 1.50940644213273e-20 1.66622349540818e-27 1.18634710332517e-26 1.34348156361471e-24 9.61241371201408e-26 1.05219248545731e-18 3.84509515412797e-27 1.37103217267169e-27 3.80531413393966e-22
4.68503634543969e-24 1.44997768053773e-26 2.42578555422158e-26 1.48599643718182e-27 1.76846490319083e-15 1.76846490319083e-15 1.96413642380438e-28 1.1750350174262e-22 1.12860265204054e-19 5.87385899912257e-26 5.81094774656135e-21 3.96457370319288e-29 6.11339591878097e-28 1.37987737954091e-25 7.25284343168687e-27 6.38310760897475e-19 1.71757631431533e-28 5.13566886857523e-29 1.01889299140146e-22
8.02138829342027e-25 9.30240174772673e-28 1.81078062066504e-27 8.85845276199053e-29 1.30968308852162e-15 1.30968308852162e-15 8.41087542575913e-30 3.22133617669479e-23 6.12844021179636e-20 6.81678411558179e-27 2.22065680399054e-21 9.03673526842112e-31 3.15030986097293e-29 1.3564265621988e-26 5.47247961070299e-28 3.86629800281894e-19 7.67291228312045e-30 1.92511131073536e-30 2.68813434033551e-23
1.339515830721e-25 5.56511594755377e-29 1.27117520545217e-28 5.2807790908657e-30 9.69833487367493e-16 9.69833487367493e-16 3.60172707125033e-31 8.70540103677178e-24 3.31727687767758e-20 7.91107612512714e-28 8.42362660847362e-22 2.17787919349953e-32 1.62339432537627e-30 1.27407286155257e-27 4.12914375647328e-29 2.33821326746988e-19 3.42791259352683e-31 7.21999765883488e-32 6.98720551206052e-24
2.18079539397171e-26 3.09031931533227e-30 8.36329817253036e-30 3.14802477657148e-31 7.18107042379595e-16 7.18107042379595e-16 1.54234110904561e-32 2.31877497731379e-24 1.78992371045188e-20 9.18103381414937e-29 3.17167972003906e-22 5.45249302743194e-34 8.36555531482988e-32 1.14147949016176e-28 3.11555810314741e-30 1.41188069847464e-19 1.53150151903894e-32 2.70880727901261e-33 1.78908368203757e-24
3.45978360174934e-27 1.58447030061663e-31 5.13682783936e-31 1.8766284426116e-32 5.31669923267831e-16 5.31669923267831e-16 6.60465433992017e-34 6.08686774531017e-25 9.62734432725079e-21 1.06548566306535e-29 1.1853356394447e-22 1.40148537175209e-35 4.31087596622365e-33 9.73602531601398e-30 2.35077848588668e-31 8.51209413870563e-20 6.8425533029557e-34 1.01656245851951e-34 4.51206533694514e-25
5.34611922671243e-28 7.45487852843372e-33 2.9324898161587e-32 1.1187124068354e-33 3.93600556684609e-16 3.93600556684609e-16 2.82826285922648e-35 1.57449621442671e-25 5.16173647472268e-21 1.23652708538342e-30 4.39687663830229e-23 3.66929622598902e-37 2.22144865616616e-34 7.88894966545781e-31 1.77373019932681e-32 5.12387850960542e-20 3.05723154852615e-35 3.81568613831624e-36 1.12067375833571e-25
8.04197439792456e-29 3.19534995113385e-34 1.54808596182222e-33 6.66896779792123e-35 2.91359901749362e-16 2.91359901749362e-16 1.21112637034209e-36 4.01280068951224e-26 2.75867569899658e-21 1.43502562820726e-31 1.61877741222217e-23 9.73249189000978e-39 1.14474045964346e-35 6.05861324208022e-32 1.33833061735616e-33 3.07953165623787e-20 1.36598276262961e-36 1.43242082988641e-37 2.74082993383577e-26
1.17703375966881e-29 1.2369278260224e-35 7.51292837208444e-35 3.97556437440488e-36 2.15657235933673e-16 2.15657235933673e-16 5.18631820734135e-38 1.00752563330344e-26 1.46966762189367e-21 1.66538895754808e-32 5.91505481217127e-24 2.60540183962286e-40 5.89899170926217e-37 4.39876376644032e-33 1.00980906958732e-34 1.84796363611655e-20 6.10333137004396e-38 5.37788276058213e-39 6.59967276526341e-27
1.67522672194799e-30 4.27882423155695e-37 3.32866956387096e-36 2.36994879537643e-37 1.59609266408606e-16 1.59609266408606e-16 2.22089928998208e-39 2.49178210042734e-27 7.80457791820711e-22 1.93273229794428e-33 2.14510190461723e-24 7.02075541032507e-42 3.03982469597434e-38 3.01061301885145e-34 7.61930082278966e-36 1.10719604523649e-20 2.72704410000212e-39 2.01921588116417e-40 1.56436051131384e-27
2.3171838875273e-31 1.30540175723584e-38 1.33535401866135e-37 1.41279496198596e-38 1.18116763531434e-16 1.18116763531434e-16 9.51039545460843e-41 6.06947141426277e-28 4.13132817460132e-22 2.24299201617353e-34 7.7204604313101e-25 1.9008019662532e-43 1.56645993752858e-39 1.93626517716332e-35 5.74898233655864e-37 6.6233460509309e-21 1.21848411779957e-40 7.58186887597228e-42 3.64972709447361e-28
3.11300654209186e-32 3.45383777673703e-40 4.8022994042387e-39 8.42207905613002e-40 8.74024884130779e-17 8.74024884130779e-17 4.07256748770018e-42 1.45585591272449e-28 2.17990773165291e-22 2.60305743845254e-35 2.7576113362603e-25 5.16362164164408e-45 8.07216527826449e-41 1.16602378467686e-36 4.33777306881846e-38 3.95595772891709e-21 5.44439192076383e-42 2.84698824438393e-43 8.37965668753102e-29
4.05927173496687e-33 7.75084159417913e-42 1.52944976241848e-40 5.02064472964725e-41 6.46687105985238e-17 6.46687105985238e-17 1.74396597021668e-43 3.43835645637669e-29 1.14654957049086e-22 3.0209238281294e-36 9.77475351480052e-26 1.40612158686905e-46 4.15968839842218e-42 6.54823371665007e-38 3.27297495409914e-39 2.35910121895798e-21 2.43265308418449e-43 1.06907089289012e-44 1.89306561759468e-29
5.13410901883825e-34 1.43229975913723e-43 4.27088922241445e-42 2.9929514288745e-42 4.78433868788121e-17 4.78433868788121e-17 7.46805872924663e-45 7.99438359725889e-30 6.011073420645e-23 3.50586992074259e-37 3.43834664954843e-26 3.83571453322564e-48 2.14353980338142e-43 3.41356040782879e-39 2.46955405025726e-40 1.40462924330564e-21 1.08695585263773e-44 4.01453783241824e-46 4.20734475188738e-30
6.29381999887372e-35 2.17941450832427e-45 1.14615712000471e-43 1.78418485057576e-43 3.53920655058896e-17 3.53920655058896e-17 3.19799252391693e-46 1.82959736867433e-30 3.14133220735377e-23 4.06866395861799e-38 1.2001972443639e-26 1.04764081796481e-49 1.10459304853281e-44 1.64302590389246e-40 1.86334979432889e-41 8.35019266878711e-22 4.85673376717525e-46 1.50754580012305e-47 9.19773494996133e-31
7.47241302790635e-36 3.20547253193393e-47 3.19433041670166e-45 1.06360415780728e-44 2.61785089447815e-17 2.61785089447815e-17 1.36945310359576e-47 4.12093357998184e-31 1.63635114676413e-23 4.72180280000811e-39 4.15721608472454e-27 2.86397307041331e-51 5.69210705112864e-46 7.25671901621551e-42 1.40595119018984e-42 4.95621807138542e-22 2.17008711265842e-47 5.66121600929577e-49 1.97746730374855e-31
8.5851884005024e-37 5.04702719201003e-49 9.17243110474113e-47 6.3404518027593e-46 1.93614257844017e-17 1.93614257844017e-17 5.86430953720318e-49 9.13348395875756e-32 8.49646186767911e-24 5.4797894121991e-40 1.42885222693586e-27 7.83441123785077e-53 2.93321442911111e-47 2.91956135024131e-43 1.0608307443306e-43 2.93712814977907e-22 9.69639685972722e-49 2.12594485137e-50 4.18038664505561e-32
9.5368408339622e-38 8.32023390253997e-51 2.68917504472356e-48 3.77972658215562e-47 1.4317963584227e-17 1.4317963584227e-17 2.51123067268968e-50 1.99162414247219e-32 4.39740893836579e-24 6.35945491032822e-41 4.8729769560363e-28 2.14410474588679e-54 1.51152232557414e-48 1.06065150139392e-44 8.00427408858725e-45 1.737854513389e-22 4.33255259617673e-50 7.98355757227867e-52 8.68806628617134e-33
1.02335079804439e-38 1.41573247906145e-52 8.00025518623217e-50 2.25320426445538e-48 1.05870328560948e-17 1.05870328560948e-17 1.07536606933649e-51 4.27204309851794e-33 2.26856327181306e-24 7.38033229279307e-42 1.6489638982401e-28 5.8699067464582e-56 7.7890648500535e-50 3.44248002805166e-46 6.03945577829347e-46 1.02664764263519e-22 1.93587576300329e-51 2.9980751174701e-53 1.7747932895841e-33
1.0597009138605e-39 2.46279414581971e-54 2.40483326285076e-51 1.34320018874512e-49 7.82732553164921e-18 7.82732553164921e-18 4.60496200650601e-53 9.01252288685464e-34 1.16653668608874e-24 8.56509017205863e-43 5.53636798610734e-29 1.60738984984195e-57 4.01380318454746e-51 9.8502719559992e-48 4.55694366469052e-47 6.05544861454479e-23 8.64990323100607e-53 1.12587375598553e-54 3.56292253964872e-34
1.05785391021523e-40 4.35156431108884e-56 7.28224291745509e-53 8.00720456556479e-51 5.78622082097447e-18 5.78622082097447e-18 1.97194943141753e-54 1.86966004438894e-34 5.97912359847298e-25 9.94003613186743e-44 1.8442630309051e-29 4.40237183164221e-59 2.06836331633655e-52 2.44409780466907e-49 3.43834549430591e-48 3.56605104488037e-23 3.86496091934061e-54 4.22802649147683e-56 7.02768563012597e-35
1.01686882484777e-41 7.77442630608415e-58 2.21681335851387e-54 4.77332608346818e-52 4.27675698287618e-18 4.27675698287618e-18 8.44433581798054e-56 3.81333668992297e-35 3.05468508863623e-25 1.15357008879144e-44 6.09525411157511e-30 1.20588690363892e-60 1.06585365841116e-53 5.21247632196324e-51 2.59433089548515e-49 2.09673957098066e-23 1.72694708515222e-55 1.58776524759817e-57 1.36168393184665e-35
9.40111381057735e-43 1.39996802169088e-59 6.77372219636909e-56 2.84551764782944e-53 3.16057820759818e-18 3.16057820759818e-18 3.61605659281334e-57 7.64525991453207e-36 1.55554757292264e-25 1.33875162232915e-45 1.99856637914451e-30 3.30343362771835e-62 5.49247809695949e-55 1.07240225067632e-52 1.95749752502962e-50 1.23088211479017e-23 7.71636925143049e-57 5.96259494308165e-59 2.5912315641841e-36
8.34849739707893e-44 2.53524211572782e-61 2.07537766154231e-57 1.69629531756805e-54 2.33530736739171e-18 2.33530736739171e-18 1.54847765013662e-58 1.50639839476698e-36 7.89561997067599e-26 1.55366017522795e-46 6.50114320972997e-31 9.05008772606401e-64 2.83034311583095e-56 2.31647821254443e-54 1.47698836997949e-51 7.2144414843707e-24 3.44783922990249e-58 2.23915742092767e-60 4.84180177452541e-37
7.11128685525515e-45 4.60976388699225e-63 6.37100127914061e-59 1.01121066907685e-55 1.72519680726083e-18 1.72519680726083e-18 6.63093337088986e-60 2.91649497770754e-37 3.99460093155276e-26 1.80306779825983e-47 2.0979333908165e-31 2.47947824155537e-65 1.45851144272818e-57 5.17353397234843e-56 1.1144303464838e-52 4.22184593632695e-24 1.54056858036553e-59 8.40880276198818e-62 8.88138130717476e-38
5.80158709910567e-46 8.40621576109224e-65 1.95849389520146e-60 6.02811908219818e-57 1.27420680338542e-18 1.27420680338542e-18 2.83951643530076e-61 5.54711336831708e-38 2.01438695505999e-26 2.09251259506927e-48 6.71600012873662e-32 6.79332577915275e-67 7.51589309675571e-59 1.18256342063434e-57 8.4086985545011e-54 2.46668898324026e-24 6.88359139846431e-61 3.15779448372558e-63 1.59891507970318e-38
4.52582393695923e-47 1.53613830036695e-66 6.0265793865327e-62 3.59353602382062e-58 9.40881767368628e-19 9.40881767368628e-19 1.2159454990437e-62 1.03625128122669e-38 1.01249485092278e-26 2.42842169592836e-49 2.1327147976e-32 1.86129460604096e-68 3.87303434083868e-60 2.74755281562647e-59 6.34460570852593e-55 1.4389224615325e-24 3.0757366156398e-62 1.18586068472564e-64 2.82446967438891e-39
3.37002238211979e-48 2.81134110689718e-68 1.85580238670119e-63 2.1422106926925e-59 6.94557596392398e-19 6.94557596392398e-19 5.20695509391272e-64 1.90090415197681e-39 5.07248988752366e-27 2.81825397235458e-50 6.71805902009054e-33 5.09982630518063e-70 1.99582335887708e-61 6.45779260841716e-61 4.78718809287648e-56 8.38049259097648e-25 1.37430526861702e-63 4.4533164982699e-66 4.89448265029915e-40
2.39064216316409e-49 5.15071281997099e-70 5.7176444614784e-65 1.27703371317842e-60 5.12554594317613e-19 5.12554594317613e-19 2.22973656073618e-65 3.42337325275814e-40 2.53294590769067e-27 3.27066566157342e-51 2.09908228189027e-33 1.39733686575344e-71 1.02847290503991e-62 1.53035538614119e-62 3.6120715595922e-57 4.87313344880088e-25 6.14069159894885e-65 1.67237439975998e-67 8.3180789816922e-41
1.61222564298464e-50 9.44409077257672e-72 1.76223630595312e-66 7.61276708295342e-62 3.78100030550054e-19 3.78100030550054e-19 9.54823892412416e-67 6.05125922727924e-41 1.26067959222937e-27 3.7957025785219e-52 6.50541789345295e-34 3.82869514030841e-73 5.29985036850564e-64 3.64796329778008e-64 2.72541222498345e-58 2.82911095489106e-25 2.74379314261952e-66 6.28034500875998e-69 1.38602085419165e-41
1.03123573241447e-51 1.73259595668219e-73 5.43284633326494e-68 4.53819050050029e-63 2.78790821609873e-19 2.78790821609873e-19 4.08877300390197e-68 1.04961477751887e-41 6.25395839525852e-28 4.40502318346629e-53 1.99970669604989e-34 1.04906716254186e-74 2.73107962211875e-65 8.73241855182631e-66 2.05640217076159e-59 1.63979333281557e-25 1.22598582689744e-67 2.35848720155495e-70 2.26374226297113e-42
6.24017426569791e-53 3.17987876601133e-75 1.67522978540087e-69 2.70534653096603e-64 2.05456003705141e-19 2.05456003705141e-19 1.7509055659863e-69 1.78606991834868e-42 3.09224187259952e-28 5.11215745845686e-54 6.09660188640339e-35 2.87447040873063e-76 1.4073597146587e-66 2.09666215973176e-67 1.55161477927973e-60 9.48893509635305e-26 5.47796855656042e-69 8.85693724024209e-72 3.62301708354922e-43
3.56208926533233e-54 5.8378214285339e-77 5.1663233927445e-71 1.61273526349892e-65 1.51315101882248e-19 1.51315101882248e-19 7.497775733942e-71 2.98084417192622e-43 1.52389738934108e-28 5.93280734097754e-55 1.84342156972847e-35 7.8761478979016e-78 7.25230180183449e-68 5.04502354617793e-69 1.17073812579571e-61 5.48179077190082e-26 2.44767426898328e-70 3.32608716538321e-73 5.68029818317952e-44
1.9120547380216e-55 1.07196993945422e-78 1.5934269193552e-72 9.61398105702193e-67 1.11355476538896e-19 1.11355476538896e-19 3.21071804492965e-72 4.87793994759818e-44 7.48505988201257e-29 6.88519538591691e-56 5.52791582598926e-36 2.15809691145438e-79 3.73720242785637e-69 1.21583416361598e-70 8.83355699813623e-63 3.16143719471034e-26 1.09367355477701e-71 1.24906113916666e-74 8.72158896323775e-45
9.61678886336071e-57 1.96870402825406e-80 4.91489138759696e-74 5.73117199436649e-68 8.18717105621281e-20 8.18717105621281e-20 1.37490246839615e-73 7.82474064547801e-45 3.66422151872638e-29 7.99046939781266e-57 1.64392683088828e-36 5.91328467588183e-81 1.92582746394306e-70 2.93340555185099e-72 6.66517366437336e-64 1.82000829818129e-26 4.8867688893009e-73 4.69065806432786e-76 1.31100745006645e-45
4.51373138884491e-58 3.61597871394892e-82 1.51606621522897e-75 3.41651728188631e-69 6.01248894219164e-20 6.01248894219164e-20 5.88764497895559e-75 1.23002925438425e-45 1.7877116182159e-29 9.27317201743553e-58 4.84810353397487e-37 1.62026921735864e-82 9.92403139105529e-72 7.08304714000529e-74 5.02906586616759e-65 1.04578173445878e-26 2.18351354555957e-74 1.76150491612303e-77 1.92866046863426e-46
1.96793297039431e-59 6.64210348804002e-84 4.67669008065542e-77 2.03668470408575e-70 4.40905806586428e-20 4.40905806586428e-20 2.52122344639655e-76 1.89427943065783e-46 8.69183626920979e-30 1.07617856832182e-58 1.41779375911136e-37 4.43962175883988e-84 5.11397832332043e-73 1.71127712121067e-75 3.79457531930542e-66 5.99669237621693e-27 9.75640861417876e-76 6.61506244311591e-79 2.77586190582053e-47
7.92760256976741e-61 1.22014143267408e-85 1.44268214421594e-78 1.21412662120022e-71 3.2272423116893e-20 3.2272423116893e-20 1.07964520438615e-77 2.85707805564852e-47 4.21083188219633e-30 1.24893650129973e-59 4.1113841539664e-38 1.21648020590851e-85 2.63529741700836e-74 4.13620619958014e-77 2.86311657745416e-67 3.4305526054958e-27 4.35937341963439e-77 2.48418559775963e-80 3.90729159331057e-48
2.93250152314907e-62 2.24146815122037e-87 4.45052357915861e-80 7.23775972151581e-73 2.35642368286869e-20 2.35642368286869e-20 4.6232862421654e-79 4.21901338540552e-48 2.03218432227418e-30 1.44942701878811e-60 1.18215694817177e-38 3.33322267546382e-87 1.35800193822246e-75 1.00003418675209e-78 2.16030407237013e-68 1.95704579052277e-27 1.94786190009603e-78 9.32897938292519e-82 5.37684831095887e-49
9.88837881983283e-64 4.11782467528117e-89 1.37295907328985e-81 4.31463774501516e-74 1.71479986205059e-20 1.71479986205059e-20 1.97979628640724e-80 6.09770203830949e-49 9.7656858606308e-31 1.68210137971127e-61 3.37008814399037e-39 9.13321658449361e-89 6.99795494841351e-77 2.41836452303424e-80 1.63001171224843e-69 1.11249227845371e-27 8.70346633509143e-80 3.50335565483659e-83 7.23077825965024e-50
3.01303262948726e-65 7.56506078410464e-91 4.23553642567062e-83 2.57208004012949e-75 1.241830266668e-20 1.241830266668e-20 8.47793772697553e-82 8.62257326866966e-50 4.66889983401663e-31 1.95212081054807e-62 9.52397659053617e-40 2.50255304557374e-90 3.60613415072806e-78 5.8492015323684e-82 1.22989045940309e-70 6.29361119659836e-28 3.88889607767956e-81 1.31563167825709e-84 9.49884869768792e-51
8.2081935253382e-67 1.38983643047061e-92 1.30665927729779e-84 1.53328934000068e-76 8.92631837590918e-21 8.92631837590918e-21 3.63044475094674e-83 1.19249866303927e-50 2.21700059165629e-31 2.26543683438281e-63 2.6670246248671e-40 6.8571380214191e-92 1.85828516316693e-79 1.41488234688488e-83 9.27984406047434e-72 3.53536999962304e-28 1.73764194189297e-82 4.94065306861662e-86 1.21841583945533e-51
1.97286417864743e-68 2.5534050403364e-94 4.0310477322808e-86 9.14022218879708e-78 6.33794069699538e-21 6.33794069699538e-21 1.55463116958242e-84 1.61214629540836e-51 1.04195726041202e-31 2.62863716778441e-64 7.39140582458598e-41 1.87889349049526e-93 9.57588078056136e-81 3.42278080846346e-85 7.00162485092356e-73 1.96369293538307e-28 7.76411247241492e-84 1.85538110421039e-87 1.52517139733916e-52
4.11326375113466e-70 4.69110880539541e-96 1.24353772923846e-87 5.44743212947988e-79 4.40170691141273e-21 4.40170691141273e-21 6.65663617978734e-86 2.12754982024933e-52 4.80966583199452e-32 3.04668629923468e-65 2.01908053916243e-41 5.14813441731995e-95 4.9337701843281e-82 8.28047213217049e-87 5.280552366598e-74 1.06914307479078e-28 3.46879257110838e-85 6.96713052614842e-89 1.86071766691213e-53
7.27289878174124e-72 8.61521044135613e-98 3.83233430039352e-89 3.23627568751338e-80 2.92054346190521e-21 2.92054346190521e-21 2.84509936757665e-87 2.72028908519579e-53 2.1369216794336e-32 3.50212683171759e-66 5.35625678010215e-42 1.40943430490645e-96 2.53570451798936e-83 2.0020216460494e-88 3.96422214076132e-75 5.58435267695468e-29 1.54674828573527e-86 2.61247392966986e-90 2.1971591401155e-54
1.04054054807193e-73 1.53903353349446e-99 1.12912941541096e-90 1.77249844770928e-81 1.68670536727437e-21 1.68670536727437e-21 1.14448162164067e-88 3.09810959333606e-54 8.35189883406923e-33 3.66252611620674e-67 1.26288959274302e-42 3.70635282205248e-98 1.21325639786561e-84 4.67004449278477e-90 2.72998304475091e-76 2.55551867794778e-29 6.47595947546681e-88 9.28259264414842e-92 2.31014901796503e-55
